#camera frame subject p0x p0y p0conf p1x p1y p1conf p2x p2y p2conf p3x p3y p3conf p4x p4y p4conf p5x p5y p5conf p6x p6y p6conf p7x p7y p7conf p8x p8y p8conf p9x p9y p9conf p10x p10y p10conf p11x p11y p11conf p12x p12y p12conf p13x p13y p13conf p14x p14y p14conf p15x p15y p15conf p16x p16y p16conf p17x p17y p17conf p18x p18y p18conf p19x p19y p19conf p20x p20y p20conf p21x p21y p21conf p22x p22y p22conf p23x p23y p23conf p24x p24y p24conf p25x p25y p25conf p26x p26y p26conf p27x p27y p27conf p28x p28y p28conf p29x p29y p29conf p30x p30y p30conf p31x p31y p31conf p32x p32y p32conf p33x p33y p33conf p34x p34y p34conf p35x p35y p35conf p36x p36y p36conf p37x p37y p37conf p38x p38y p38conf p39x p39y p39conf p40x p40y p40conf p41x p41y p41conf p42x p42y p42conf p43x p43y p43conf p44x p44y p44conf p45x p45y p45conf p46x p46y p46conf p47x p47y p47conf p48x p48y p48conf p49x p49y p49conf p50x p50y p50conf p51x p51y p51conf p52x p52y p52conf p53x p53y p53conf 
0 1 0 1107.362549 177.955933 0.854624 931.270935 291.571960 0.589275 835.436340 244.582840 0.437658 898.046814 583.003296 0.517290 1056.552612 487.183899 0.698206 1027.209106 332.621338 0.557125 1087.768188 459.774139 0.157216 0.000000 0.000000 0.000000 0.000000 0.000000 0.000000 0.000000 0.000000 0.000000 0.000000 0.000000 0.000000 0.000000 0.000000 0.000000 0.000000 0.000000 0.000000 0.000000 0.000000 0.000000 1085.921631 119.363976 0.845957 1103.562012 154.550613 0.130999 980.249512 117.373917 0.842504 0.000000 0.000000 0.000000 
1 1 0 1025.257446 174.120667 0.868397 843.265381 291.505188 0.564087 735.648376 230.891434 0.481353 755.200562 585.039978 0.547987 966.557678 489.149597 0.688879 956.731384 334.510162 0.590181 1009.613708 457.784058 0.093934 0.000000 0.000000 0.000000 653.471985 565.439026 0.066863 0.000000 0.000000 0.000000 0.000000 0.000000 0.000000 0.000000 0.000000 0.000000 0.000000 0.000000 0.000000 0.000000 0.000000 0.000000 1003.679871 117.394951 0.832376 1023.175232 135.032700 0.232095 888.231689 115.376541 0.810426 0.000000 0.000000 0.000000 
1 1 1 0.000000 0.000000 0.000000 0.000000 0.000000 0.000000 0.000000 0.000000 0.000000 0.000000 0.000000 0.000000 0.000000 0.000000 0.000000 1009.484131 442.190521 0.068977 1074.132568 540.021057 0.555759 1214.985718 551.717407 0.122420 0.000000 0.000000 0.000000 0.000000 0.000000 0.000000 0.000000 0.000000 0.000000 0.000000 0.000000 0.000000 0.000000 0.000000 0.000000 0.000000 0.000000 0.000000 0.000000 0.000000 0.000000 0.000000 0.000000 0.000000 0.000000 0.000000 0.000000 0.000000 0.000000 0.000000 
0 2 0 884.405396 152.589340 0.805484 759.141541 316.947449 0.529757 694.574829 309.157104 0.451486 835.421326 524.358276 0.315922 931.275818 645.630737 0.204491 835.365723 320.850891 0.516558 851.125549 496.964996 0.124665 0.000000 0.000000 0.000000 710.205811 645.650696 0.154096 0.000000 0.000000 0.000000 0.000000 0.000000 0.000000 0.000000 0.000000 0.000000 0.000000 0.000000 0.000000 0.000000 0.000000 0.000000 852.998901 115.353157 0.830765 0.000000 0.000000 0.000000 745.427612 135.065399 0.783225 0.000000 0.000000 0.000000 
1 2 0 796.332764 148.794464 0.803618 678.891968 316.976593 0.619861 586.968140 303.291626 0.483100 725.835815 561.499084 0.250055 815.858704 667.151367 0.118713 772.840637 322.880798 0.651484 800.174866 522.414612 0.295920 864.747681 590.898560 0.391062 0.000000 0.000000 0.000000 0.000000 0.000000 0.000000 0.000000 0.000000 0.000000 0.000000 0.000000 0.000000 0.000000 0.000000 0.000000 0.000000 0.000000 0.000000 761.072205 115.468819 0.863361 792.379517 121.303680 0.478640 649.632324 138.921585 0.791167 0.000000 0.000000 0.000000 
0 3 0 896.058838 142.841858 0.766878 770.828979 311.105469 0.510898 702.383179 301.318848 0.427839 843.272949 524.370544 0.285101 956.741211 645.628723 0.191004 843.250427 320.882782 0.501354 853.013123 506.728210 0.091268 0.000000 0.000000 0.000000 712.170593 655.436035 0.116704 0.000000 0.000000 0.000000 0.000000 0.000000 0.000000 0.000000 0.000000 0.000000 0.000000 0.000000 0.000000 0.000000 0.000000 0.000000 856.939392 101.783173 0.831147 882.455078 109.528534 0.244781 751.287109 133.017563 0.811263 0.000000 0.000000 0.000000 
1 3 0 806.051208 136.984756 0.803420 684.815247 309.115875 0.606552 592.834839 291.566315 0.489512 741.549255 579.137817 0.295167 833.476013 665.241211 0.097257 778.677185 322.820648 0.635376 811.938110 463.683258 0.511137 835.486755 553.651123 0.381916 633.921021 643.697388 0.057240 0.000000 0.000000 0.000000 0.000000 0.000000 0.000000 761.081482 614.341125 0.050695 0.000000 0.000000 0.000000 0.000000 0.000000 0.000000 766.942322 103.658195 0.813067 804.127380 115.465645 0.441191 655.404419 133.017319 0.805426 0.000000 0.000000 0.000000 
0 4 0 868.753601 132.980667 0.808206 759.150269 309.122070 0.572273 682.856506 293.478363 0.479575 833.459961 524.317627 0.341199 927.398560 645.663940 0.253945 837.391724 322.849976 0.572990 852.988342 504.771912 0.171267 929.322937 577.178345 0.155494 708.276733 657.390747 0.113112 0.000000 0.000000 0.000000 0.000000 0.000000 0.000000 0.000000 0.000000 0.000000 0.000000 0.000000 0.000000 0.000000 0.000000 0.000000 827.592407 101.672646 0.789910 868.645325 115.373817 0.410750 723.942688 135.059189 0.810203 0.000000 0.000000 0.000000 
1 4 0 774.759399 133.076065 0.757289 680.848633 309.159393 0.642689 586.949097 291.515442 0.513078 716.104858 553.697815 0.251200 802.165100 663.228760 0.129867 774.755676 326.741364 0.666169 798.241760 463.737640 0.469307 819.749634 537.989624 0.380438 631.969971 671.083008 0.105410 0.000000 0.000000 0.000000 0.000000 0.000000 0.000000 743.511597 626.082642 0.082462 0.000000 0.000000 0.000000 0.000000 0.000000 0.000000 733.734985 101.680847 0.820666 776.804810 111.530998 0.755896 635.856934 136.952713 0.801356 0.000000 0.000000 0.000000 
0 5 0 821.722046 160.385956 0.696155 731.763428 326.725861 0.624542 649.563538 307.188843 0.568085 788.443665 555.637512 0.327357 870.654358 659.352722 0.241726 815.845032 346.289124 0.612176 829.562500 532.182922 0.408956 890.255127 586.930908 0.499497 680.839050 671.087585 0.177236 0.000000 0.000000 0.000000 0.000000 0.000000 0.000000 786.527039 608.504639 0.052483 0.000000 0.000000 0.000000 0.000000 0.000000 0.000000 780.647583 131.054428 0.789724 823.724243 136.960922 0.715030 688.722290 168.228455 0.793869 0.000000 0.000000 0.000000 
1 5 0 729.809204 160.444504 0.763673 659.305115 328.693359 0.655718 557.625793 307.155945 0.560502 669.135254 561.517517 0.289773 759.126038 659.338135 0.176468 755.153748 348.247253 0.683711 772.852173 485.187469 0.518272 788.377258 551.757507 0.624315 594.770081 655.431824 0.144898 0.000000 0.000000 0.000000 0.000000 0.000000 0.000000 710.244324 622.164246 0.143388 0.000000 0.000000 0.000000 0.000000 0.000000 0.000000 696.462891 131.062912 0.867395 741.598633 136.934875 0.846465 610.446960 170.192917 0.785507 0.000000 0.000000 0.000000 
0 6 0 772.833008 183.930237 0.812117 698.451782 344.325043 0.674952 616.267761 316.976685 0.598559 729.758850 563.500671 0.505586 817.778809 667.191650 0.214132 776.777344 367.812256 0.692834 800.205200 522.374878 0.469627 829.558655 584.958313 0.194484 616.321411 661.309387 0.180674 0.000000 0.000000 0.000000 0.000000 0.000000 0.000000 737.605408 641.738464 0.075134 0.000000 0.000000 0.000000 0.000000 0.000000 0.000000 739.584717 160.369339 0.835813 782.628845 164.349182 0.819825 661.267944 195.570496 0.865717 0.000000 0.000000 0.000000 
1 6 0 694.518738 185.881180 0.811971 631.897156 344.356018 0.695198 538.005127 316.903168 0.601068 624.107788 569.300354 0.528249 708.235291 667.221619 0.116960 721.948669 369.808929 0.685889 743.566528 538.065735 0.445244 755.226318 584.992859 0.281816 520.453918 647.614685 0.141578 0.000000 0.000000 0.000000 0.000000 0.000000 0.000000 647.576233 663.257385 0.067261 0.000000 0.000000 0.000000 0.000000 0.000000 0.000000 661.247559 160.446350 0.836790 710.254639 166.323563 0.859380 587.060364 195.760147 0.843763 0.000000 0.000000 0.000000 
0 7 0 702.398926 213.248047 0.806701 645.609131 361.954468 0.714037 555.640076 336.573730 0.624872 639.790588 571.277893 0.527667 737.595276 602.561462 0.319056 727.823181 383.409912 0.744006 751.295410 540.010254 0.473478 757.221008 586.980835 0.347759 557.593018 676.951355 0.168316 0.000000 0.000000 0.000000 0.000000 0.000000 0.000000 667.162292 661.293213 0.131370 0.000000 0.000000 0.000000 0.000000 0.000000 0.000000 673.051636 191.681534 0.822802 718.057434 195.647797 0.821656 606.561218 224.960800 0.848804 0.000000 0.000000 0.000000 
1 7 0 631.963989 215.244217 0.848524 585.005493 365.796509 0.770421 489.156738 336.543945 0.642960 555.612000 575.214783 0.452940 682.837463 594.770386 0.268483 678.928467 387.361786 0.730298 704.360596 569.321167 0.467645 686.731384 594.768677 0.159119 475.393066 631.955322 0.158036 0.000000 0.000000 0.000000 0.000000 0.000000 0.000000 594.802307 645.648071 0.121557 0.000000 0.000000 0.000000 0.000000 0.000000 0.000000 600.734863 193.643951 0.923714 649.638855 197.629105 0.868415 543.955139 226.996262 0.855582 665.270081 219.111969 0.071130 
0 8 0 633.954102 252.421158 0.864068 587.014709 383.533600 0.793436 504.786560 365.903534 0.675110 545.894592 581.066772 0.541412 624.117004 665.270264 0.152763 673.047729 403.037872 0.707757 702.388184 573.294067 0.565959 678.841492 588.915588 0.579033 512.609863 678.926880 0.170203 0.000000 0.000000 0.000000 0.000000 0.000000 0.000000 629.962341 674.997620 0.162295 0.000000 0.000000 0.000000 0.000000 0.000000 0.000000 606.545959 227.027603 0.866039 649.648438 238.698517 0.856953 553.726746 258.329437 0.907621 661.315796 260.195099 0.063479 
0 8 1 988.062500 268.036957 0.249487 1003.673340 369.756622 0.363596 935.245544 381.517914 0.277791 919.585876 479.353027 0.051554 0.000000 0.000000 0.000000 1070.182739 361.937988 0.250816 0.000000 0.000000 0.000000 0.000000 0.000000 0.000000 0.000000 0.000000 0.000000 0.000000 0.000000 0.000000 0.000000 0.000000 0.000000 0.000000 0.000000 0.000000 0.000000 0.000000 0.000000 0.000000 0.000000 0.000000 962.622742 248.455078 0.222540 995.875610 238.709198 0.228589 941.066956 270.003510 0.108570 1025.204956 250.414612 0.119911 
1 8 0 573.308838 254.359268 0.831726 539.992371 385.436615 0.809230 450.008636 365.880585 0.671296 477.385773 569.327454 0.496061 539.991516 667.147339 0.108687 630.016724 406.978394 0.746961 657.403687 585.048096 0.694989 608.475525 588.969177 0.665380 442.184753 643.693665 0.181813 0.000000 0.000000 0.000000 0.000000 0.000000 0.000000 569.383789 665.223206 0.177164 0.000000 0.000000 0.000000 0.000000 0.000000 0.000000 551.688477 232.808105 0.834017 594.801636 240.660400 0.870780 504.699677 264.099457 0.835128 604.595703 260.252441 0.297057 
0 9 0 585.001038 287.528992 0.902412 553.740723 410.833160 0.833941 463.690277 397.122772 0.693149 446.110474 583.018616 0.707554 586.958069 663.292664 0.404080 639.775879 426.491882 0.745727 655.444275 541.967773 0.631399 665.228455 585.053528 0.605891 500.864166 676.970642 0.232789 0.000000 0.000000 0.000000 0.000000 0.000000 0.000000 631.922607 665.193909 0.305601 0.000000 0.000000 0.000000 0.000000 0.000000 0.000000 557.667908 269.925598 0.866848 600.651550 272.008148 0.926671 516.495300 295.452515 0.837762 614.285339 289.582001 0.177473 
1 9 0 536.085083 289.481110 0.873532 508.668365 412.895081 0.832434 412.869049 399.139313 0.720943 389.355560 585.056091 0.687245 502.829742 667.223755 0.377217 600.682251 428.519409 0.817439 618.325867 565.448364 0.504515 618.264526 590.878662 0.614708 446.059387 678.893127 0.283185 0.000000 0.000000 0.000000 0.000000 0.000000 0.000000 571.282104 673.037537 0.346086 0.000000 0.000000 0.000000 0.000000 0.000000 0.000000 508.744141 271.932281 0.939780 553.684082 273.998138 0.913748 473.451843 299.298340 0.864212 567.345337 295.445984 0.360582 
0 10 0 573.263062 301.258301 0.857609 547.834839 418.728516 0.789514 457.852051 408.932831 0.719004 387.364960 579.107544 0.699416 483.247986 600.683899 0.764015 633.924438 432.405243 0.805392 651.548218 555.722717 0.640861 661.268616 600.607483 0.502834 481.333740 684.798584 0.268968 0.000000 0.000000 0.000000 0.000000 0.000000 0.000000 612.372986 673.024597 0.318937 0.000000 0.000000 0.000000 0.000000 0.000000 0.000000 553.604553 283.717804 0.879879 586.979736 287.596558 0.931439 508.696777 311.108185 0.899141 600.584534 305.254333 0.183498 
1 10 0 532.196411 303.321198 0.820260 506.725403 426.506104 0.847347 412.775543 412.851990 0.743059 336.529785 577.169250 0.721113 412.831726 600.604187 0.750620 598.726257 440.212982 0.768437 618.342712 575.243713 0.629600 616.331482 600.610474 0.702745 434.380646 692.583191 0.271310 0.000000 0.000000 0.000000 0.000000 0.000000 0.000000 567.410278 678.884094 0.316374 0.000000 0.000000 0.000000 0.000000 0.000000 0.000000 508.663818 287.597900 0.954270 549.788574 289.644623 0.889491 473.436676 314.993530 0.865102 557.644409 311.059235 0.402057 
0 11 0 585.002258 305.129059 0.913911 553.665344 422.633087 0.841577 461.747498 412.773590 0.757338 399.167450 583.006470 0.739804 493.076111 616.258728 0.702008 639.779480 436.279236 0.764708 665.186584 584.972778 0.796045 618.216980 659.374451 0.589105 475.463013 684.787354 0.215298 0.000000 0.000000 0.000000 0.000000 0.000000 0.000000 604.551392 676.937988 0.278282 0.000000 0.000000 0.000000 0.000000 0.000000 0.000000 559.538818 287.668884 0.918621 600.548950 289.650055 0.900286 520.462280 315.010162 0.901357 606.525452 309.168488 0.139606 
1 11 0 540.012146 305.278595 0.907517 512.660645 426.540985 0.801726 422.594696 414.728638 0.719398 352.239044 581.083923 0.768505 432.368591 616.315674 0.666672 602.627991 440.182465 0.790577 622.193054 588.926819 0.752291 557.595276 663.258057 0.473613 428.450195 684.781677 0.257670 0.000000 0.000000 0.000000 0.000000 0.000000 0.000000 553.644836 684.773132 0.266812 0.000000 0.000000 0.000000 0.000000 0.000000 0.000000 520.411499 289.546631 0.902528 555.708008 293.497681 0.896720 479.409180 316.930267 0.871118 569.373047 315.019623 0.350590 
0 12 0 582.989197 305.141693 0.878847 555.723694 424.586273 0.823366 463.699097 414.757629 0.755870 414.783997 584.917786 0.749829 491.049530 647.608643 0.559929 647.636719 432.437378 0.795480 676.982666 584.954407 0.786379 616.229797 667.233582 0.543569 477.448120 678.925537 0.307999 0.000000 0.000000 0.000000 0.000000 0.000000 0.000000 596.764099 676.949402 0.372308 0.000000 0.000000 0.000000 0.000000 0.000000 0.000000 555.726257 289.493011 0.947806 598.627441 289.659088 0.880504 522.306824 316.911621 0.916260 606.517700 307.239899 0.280943 
1 12 0 537.985291 307.169189 0.859425 518.428284 428.470764 0.815095 426.459595 418.708252 0.708806 369.762543 586.959656 0.748553 461.720428 663.292786 0.419030 606.567688 434.383667 0.747511 633.839355 586.883972 0.802601 561.504150 665.247559 0.435294 434.339264 678.876404 0.280425 0.000000 0.000000 0.000000 0.000000 0.000000 0.000000 555.712830 676.969666 0.309513 0.000000 0.000000 0.000000 0.000000 0.000000 0.000000 516.491943 289.627716 0.866507 555.575500 295.429321 0.878610 483.239380 318.829193 0.869171 571.305908 318.833435 0.783742 
0 13 0 561.552185 299.322662 0.819563 549.784790 418.709564 0.793986 457.814789 414.871979 0.746832 401.146606 584.990112 0.726221 477.381042 678.843201 0.452976 643.678101 424.520020 0.739151 678.933838 582.974854 0.759628 600.659790 663.318726 0.542827 473.478851 678.887390 0.306994 0.000000 0.000000 0.000000 0.000000 0.000000 0.000000 600.694641 673.058716 0.305071 0.000000 0.000000 0.000000 0.000000 0.000000 0.000000 540.005005 283.721832 0.921444 581.116394 285.650848 0.880268 506.795807 307.215363 0.922510 600.607483 305.200287 0.777866 
1 13 0 520.402710 301.290558 0.841018 508.627777 422.605225 0.830994 414.718994 420.660858 0.740757 365.949402 586.914368 0.772524 418.698364 680.857300 0.379864 602.570557 424.595978 0.776101 631.968872 583.069153 0.755192 540.043152 663.309021 0.398240 434.350677 686.719238 0.275191 0.000000 0.000000 0.000000 0.000000 0.000000 0.000000 563.478638 678.905090 0.245722 0.000000 0.000000 0.000000 0.000000 0.000000 0.000000 496.947266 287.490173 0.882318 538.081299 287.547302 0.926829 471.470215 309.141968 0.843229 557.684631 311.061951 0.853113 
0 14 0 512.578613 275.927643 0.820808 520.470581 412.757019 0.828623 424.550568 424.559998 0.706309 397.140656 590.903931 0.759272 450.025299 696.487671 0.388782 616.318176 397.169189 0.767961 667.195740 561.498047 0.697686 577.205017 663.263245 0.496863 467.586761 684.771790 0.278670 0.000000 0.000000 0.000000 0.000000 0.000000 0.000000 604.544128 674.999817 0.289655 0.000000 0.000000 0.000000 0.000000 0.000000 0.000000 490.997528 266.043884 0.873126 530.198547 262.163147 0.833145 459.705109 301.238220 0.875724 551.741272 287.580017 0.745978 
1 14 0 461.818054 281.740723 0.852333 477.395813 412.870361 0.819319 383.441986 426.543579 0.758837 356.082458 590.842590 0.692398 393.274689 682.820740 0.237112 571.339844 399.110077 0.746284 618.330017 557.644287 0.680149 522.338379 661.258850 0.418490 424.574829 682.850159 0.293590 0.000000 0.000000 0.000000 0.000000 0.000000 0.000000 555.616211 678.894653 0.247635 0.000000 0.000000 0.000000 0.000000 0.000000 0.000000 444.056763 269.998474 0.912855 483.281616 268.057922 0.816658 414.827087 301.263428 0.899689 508.741821 291.561523 0.899151 
0 15 0 430.510590 260.196655 0.851040 465.679535 399.162140 0.768938 371.713623 428.500519 0.738667 381.451874 602.571899 0.672533 434.342499 714.142883 0.236461 559.575806 369.777252 0.643541 641.750732 543.905640 0.697983 538.001587 673.073547 0.403908 463.710083 696.505554 0.230034 0.000000 0.000000 0.000000 0.000000 0.000000 0.000000 600.611084 671.072937 0.289057 0.000000 0.000000 0.000000 0.000000 0.000000 0.000000 405.004578 250.428162 0.813272 450.003510 242.588516 0.882290 379.554352 289.609711 0.887216 477.462921 269.994598 0.824905 
1 15 0 379.563568 264.149963 0.793338 422.580566 401.074097 0.764826 330.675842 430.408966 0.751858 340.456024 602.584106 0.632192 373.710541 688.697388 0.121902 512.601013 373.678101 0.634923 586.952454 551.772705 0.760903 477.360626 665.156738 0.449090 412.789703 694.541077 0.216277 0.000000 0.000000 0.000000 0.000000 0.000000 0.000000 541.953918 669.132935 0.242136 0.000000 0.000000 0.000000 0.000000 0.000000 0.000000 352.170410 254.389618 0.878617 397.258575 244.542511 0.901220 332.589264 289.640137 0.805225 430.510529 271.991486 0.892675 
0 16 0 324.779419 234.798111 0.758611 395.237610 381.576813 0.781700 297.406738 424.546844 0.684404 352.213654 600.661377 0.649152 422.617432 714.137695 0.226768 493.000641 338.507751 0.615044 612.348206 539.949402 0.716384 493.041260 678.908325 0.413824 448.050415 714.140015 0.177434 0.000000 0.000000 0.000000 0.000000 0.000000 0.000000 577.172852 676.945740 0.232386 0.000000 0.000000 0.000000 0.000000 0.000000 0.000000 297.373535 224.945663 0.889055 350.106293 211.234390 0.933127 273.864594 274.014282 0.852803 385.491486 240.558731 0.853707 
1 16 0 266.062531 238.689514 0.764712 340.426086 383.436646 0.757692 252.408386 424.553680 0.698974 305.278076 590.910217 0.698639 350.222229 688.706299 0.273177 430.417053 344.354736 0.584904 545.890808 540.066772 0.691064 430.462830 667.193359 0.466294 395.209442 696.563538 0.183229 0.000000 0.000000 0.000000 0.000000 0.000000 0.000000 526.283142 673.055176 0.251255 0.000000 0.000000 0.000000 0.000000 0.000000 0.000000 240.593506 226.928116 0.906723 287.616333 213.271957 0.865922 223.028503 273.936951 0.756951 334.592468 242.690308 0.892879 
0 17 0 271.950287 135.014008 0.738245 346.286072 297.400299 0.710718 250.427444 342.388489 0.648252 305.199799 506.782257 0.567894 360.026337 657.388367 0.492050 444.066895 252.390259 0.572343 557.660461 463.718353 0.678001 399.139862 661.305481 0.215587 412.848785 629.986145 0.265862 254.359955 684.807678 0.062505 0.000000 0.000000 0.000000 543.925354 616.285828 0.340207 0.000000 0.000000 0.000000 0.000000 0.000000 0.000000 240.581497 129.051697 0.885936 291.564331 115.345451 0.853631 213.311539 183.932526 0.780764 336.471161 148.678406 0.888186 
0 17 1 995.926697 318.951233 0.327272 1007.564636 367.880310 0.315365 962.612183 369.836395 0.259100 937.159851 451.954987 0.072197 0.000000 0.000000 0.000000 1044.786743 365.849640 0.264600 0.000000 0.000000 0.000000 0.000000 0.000000 0.000000 984.111816 502.825439 0.071643 0.000000 0.000000 0.000000 0.000000 0.000000 0.000000 1042.842285 508.694641 0.063570 0.000000 0.000000 0.000000 0.000000 0.000000 0.000000 988.015259 307.217834 0.299901 1005.680359 305.260345 0.316317 974.285767 318.912994 0.186141 1023.233887 309.134064 0.104282 
1 17 0 209.271225 146.650894 0.816170 291.569183 297.364594 0.691535 209.253952 340.409821 0.642758 273.882965 538.053406 0.351379 303.214783 663.241211 0.369203 381.577881 256.236694 0.600494 491.088287 463.746918 0.724380 342.377960 649.569031 0.289365 369.772369 641.730103 0.212771 0.000000 0.000000 0.000000 0.000000 0.000000 0.000000 489.109375 618.252441 0.297592 0.000000 0.000000 0.000000 0.000000 0.000000 0.000000 179.920181 133.081558 0.913911 228.987335 119.374565 0.833175 162.421478 193.606674 0.758425 283.649963 158.454559 0.802746 
0 18 0 307.206940 4.846753 0.355402 318.942200 148.742767 0.775190 228.957306 191.748764 0.674105 250.440521 363.921967 0.707749 254.324249 448.035217 0.742096 412.873322 101.700195 0.628584 506.768799 266.072388 0.714204 403.038483 430.493195 0.644564 301.288239 473.464783 0.410695 266.092804 661.309814 0.115262 0.000000 0.000000 0.000000 455.879242 471.526642 0.349843 489.141602 682.837891 0.207766 0.000000 0.000000 0.000000 287.600159 4.849508 0.318559 311.071075 4.867019 0.149659 238.714218 39.106693 0.789258 336.609650 4.839264 0.202550 
1 18 0 252.382294 17.571501 0.640394 275.868317 150.720795 0.719189 195.601730 193.746307 0.705908 209.366516 360.008484 0.677988 201.516830 457.791626 0.728206 365.900665 109.578224 0.617313 448.025848 268.054535 0.717014 334.598511 430.500061 0.711670 254.308243 477.414032 0.368475 191.725403 659.352417 0.121461 0.000000 0.000000 0.000000 399.100677 469.563202 0.358629 434.343933 680.909546 0.196513 0.000000 0.000000 0.000000 228.918610 3.891074 0.667251 264.137268 4.844911 0.570205 197.597641 50.872971 0.767233 303.236572 37.215145 0.843593 
0 19 0 0.000000 0.000000 0.000000 275.935211 117.350220 0.769632 177.984665 134.997345 0.678297 144.784317 287.570740 0.662411 136.925186 342.406464 0.681342 381.508545 101.663719 0.697545 432.447754 244.538696 0.741834 451.949890 363.876587 0.797443 228.936157 416.727051 0.413384 187.827591 610.449707 0.197275 0.000000 0.000000 0.000000 377.570404 401.094543 0.433723 401.100861 626.097595 0.326445 428.500580 714.166382 0.057665 0.000000 0.000000 0.000000 0.000000 0.000000 0.000000 222.999008 4.851380 0.366109 318.899811 4.882739 0.056229 
1 19 0 242.638840 4.872312 0.212370 240.715454 121.346252 0.792126 144.812988 140.896194 0.702982 117.347511 271.914886 0.677934 99.854614 342.399323 0.774411 338.533386 105.674828 0.674043 397.152039 252.354828 0.766125 399.103333 363.898773 0.826755 189.792648 412.837708 0.437918 135.047638 630.002136 0.229370 0.000000 0.000000 0.000000 332.627289 403.057892 0.468506 334.481262 618.248230 0.394525 0.000000 0.000000 0.000000 0.000000 0.000000 0.000000 279.766907 4.885084 0.118466 191.742508 4.824730 0.723387 0.000000 0.000000 0.000000 
0 20 0 0.000000 0.000000 0.000000 275.873230 99.753181 0.833436 177.999664 86.152229 0.667800 99.839455 242.596649 0.832726 119.343033 320.844788 0.796497 377.567413 115.446434 0.722450 383.570923 271.887909 0.768771 406.928802 406.965302 0.555498 179.944901 406.959106 0.391276 146.696335 618.255249 0.212884 0.000000 0.000000 0.000000 318.900574 412.802338 0.473448 305.193207 649.579468 0.307512 0.000000 0.000000 0.000000 0.000000 0.000000 0.000000 0.000000 0.000000 0.000000 0.000000 0.000000 0.000000 0.000000 0.000000 0.000000 
1 20 0 293.512695 4.876281 0.100349 242.672897 103.676697 0.833795 146.690079 97.835175 0.696451 76.281853 242.705322 0.784597 84.157364 320.920563 0.804054 340.411316 117.478790 0.732647 352.153656 273.998474 0.764175 371.707947 418.706512 0.616992 140.867599 408.898376 0.382141 115.375557 649.551697 0.235057 0.000000 0.000000 0.000000 275.846680 412.812561 0.460903 242.653488 641.726379 0.284345 0.000000 0.000000 0.000000 0.000000 0.000000 0.000000 0.000000 0.000000 0.000000 223.067535 4.861403 0.197009 301.333771 4.878263 0.053266 
0 21 0 342.391846 4.857114 0.259283 283.662994 111.524223 0.783149 195.615967 72.439194 0.693359 97.820770 219.135849 0.754824 160.427933 350.166534 0.711626 363.894409 146.773849 0.781181 346.317200 299.355469 0.753515 367.837585 428.392456 0.736435 156.532547 410.859863 0.319017 148.733490 639.791870 0.291059 0.000000 0.000000 0.000000 287.552795 438.265900 0.384746 275.854218 649.597412 0.410547 0.000000 0.000000 0.000000 0.000000 0.000000 0.000000 354.115051 4.869824 0.128594 272.006165 4.872652 0.164428 361.919250 4.833729 0.135973 
1 21 0 307.188019 4.838009 0.690795 248.478119 117.403206 0.818696 164.288101 86.080521 0.732259 66.451881 227.022659 0.787434 115.495621 350.187958 0.793925 330.618683 148.741867 0.771521 314.963776 305.225189 0.770076 336.474335 432.419678 0.710276 121.313622 412.818726 0.364073 103.755280 633.923523 0.285360 0.000000 0.000000 0.000000 252.393692 436.303711 0.418251 242.559219 639.773132 0.421244 0.000000 0.000000 0.000000 295.410492 4.870550 0.174155 320.940735 4.857499 0.544260 240.606354 4.849396 0.534727 334.597595 4.852452 0.198443 
0 22 0 346.320404 43.023197 0.806238 283.684021 142.828354 0.738792 217.149704 99.741028 0.680250 115.360741 224.939407 0.787977 224.915878 340.478058 0.695145 344.361847 180.041397 0.728951 336.621338 309.128052 0.800717 383.534607 434.367828 0.783240 176.094315 414.773010 0.372968 156.545166 635.869873 0.315432 0.000000 0.000000 0.000000 289.529388 444.105286 0.485877 271.901031 649.583923 0.356784 0.000000 0.000000 0.000000 326.771240 23.438581 0.868031 354.143921 37.083679 0.739973 275.885437 35.211483 0.818376 0.000000 0.000000 0.000000 
1 22 0 313.018951 52.755642 0.816448 256.210571 148.689972 0.825058 185.885071 107.597816 0.677813 84.080414 228.963913 0.791031 180.061722 346.303528 0.704138 318.881958 187.805054 0.766242 311.060059 316.906799 0.729233 352.268738 442.170990 0.709970 142.825211 412.802643 0.384049 117.429810 633.923523 0.313505 0.000000 0.000000 0.000000 256.285828 432.393829 0.473749 238.691849 643.682190 0.369246 0.000000 0.000000 0.000000 297.364899 33.216805 0.850641 322.886292 39.234127 0.819556 254.324066 39.147156 0.862233 326.780853 58.733887 0.104391 
0 23 0 334.537018 113.480278 0.896543 285.628998 193.699539 0.862698 221.047348 162.458557 0.742607 168.294678 271.945923 0.790584 320.813416 307.160217 0.769195 348.249207 223.067856 0.801283 369.767578 328.708282 0.696117 414.816101 422.638336 0.741944 180.045349 438.252258 0.455514 170.206085 647.603027 0.334348 0.000000 0.000000 0.000000 289.548065 453.918884 0.508873 262.185364 659.344788 0.332769 0.000000 0.000000 0.000000 318.988312 88.120567 0.911376 348.216431 101.788651 0.875104 273.952087 97.853996 0.905049 0.000000 0.000000 0.000000 
1 23 0 309.137268 117.335632 0.854255 260.265839 197.603653 0.837094 195.655151 168.259552 0.739353 138.890717 275.883759 0.778147 289.497772 311.109680 0.781747 324.751526 225.078171 0.793944 350.116943 330.630585 0.679416 389.347626 436.289124 0.676392 152.611588 438.254211 0.445730 131.156525 643.694153 0.382084 0.000000 0.000000 0.000000 258.303833 459.791748 0.528421 228.970627 659.337891 0.352224 0.000000 0.000000 0.000000 297.354340 99.686707 0.892040 320.952332 107.636917 0.851892 256.262665 101.760391 0.932003 0.000000 0.000000 0.000000 
0 24 0 334.567688 152.640442 0.900069 281.714905 211.385849 0.863447 217.166077 193.609756 0.756821 176.118561 301.232574 0.795801 316.900055 303.289612 0.780856 342.384399 232.854782 0.766446 367.834686 307.191711 0.812821 412.812775 383.424408 0.836713 183.881470 430.411438 0.513969 154.585251 604.600525 0.488089 142.836761 714.188416 0.057520 285.615326 453.910675 0.537520 252.390823 620.257751 0.512895 0.000000 0.000000 0.000000 322.793121 133.057266 0.925257 348.211090 146.684906 0.913947 285.614258 129.050049 0.873409 0.000000 0.000000 0.000000 
0 24 1 913.699585 268.057922 0.414985 931.306091 367.801727 0.140729 835.425659 383.499878 0.088873 0.000000 0.000000 0.000000 0.000000 0.000000 0.000000 1021.306274 344.349579 0.077810 0.000000 0.000000 0.000000 0.000000 0.000000 0.000000 0.000000 0.000000 0.000000 0.000000 0.000000 0.000000 0.000000 0.000000 0.000000 0.000000 0.000000 0.000000 0.000000 0.000000 0.000000 0.000000 0.000000 0.000000 886.330627 250.450928 0.483423 927.359131 240.664886 0.414748 851.094299 268.048492 0.262794 982.174377 226.957062 0.101952 
1 24 0 316.888489 160.409897 0.864277 260.292389 217.176178 0.845290 197.594894 195.673904 0.790374 154.584656 303.331543 0.821584 289.641541 305.192200 0.813714 324.757050 238.668793 0.785727 350.122070 309.159058 0.750414 383.416504 393.220459 0.801511 162.380005 432.415070 0.521913 131.048157 616.319458 0.522953 0.000000 0.000000 0.000000 258.312256 459.722534 0.554275 224.990097 633.881165 0.544932 0.000000 0.000000 0.000000 305.128540 137.012772 0.897725 324.761536 148.682098 0.914421 264.164764 131.170059 0.908703 0.000000 0.000000 0.000000 
0 25 0 332.539642 181.971085 0.847146 271.924500 227.062973 0.898459 209.265228 209.283325 0.780882 146.696472 301.308289 0.829382 273.876892 291.502594 0.841857 334.526215 248.459259 0.788947 367.804688 314.988342 0.735365 412.729126 367.872803 0.853903 178.028809 444.087097 0.549133 152.631256 630.010437 0.449516 0.000000 0.000000 0.000000 273.967682 459.818726 0.561028 250.412186 641.747559 0.457204 0.000000 0.000000 0.000000 320.939270 164.308243 0.907771 340.411041 176.109772 0.886071 285.667053 146.782822 0.941074 0.000000 0.000000 0.000000 
1 25 0 314.956726 189.739517 0.804763 256.203278 234.768509 0.851725 193.621857 211.329620 0.802514 129.083801 305.195190 0.837269 252.369476 295.435944 0.791015 316.991150 256.228668 0.809526 346.311798 316.986023 0.684088 381.576843 371.714111 0.853363 158.495850 446.049377 0.523054 131.016479 624.157288 0.529355 0.000000 0.000000 0.000000 256.294067 463.702545 0.576473 225.003036 635.901489 0.546254 0.000000 0.000000 0.000000 305.135376 168.279572 0.870028 322.802704 178.096100 0.930469 268.058350 150.655823 0.881618 0.000000 0.000000 0.000000 
0 26 0 311.057312 195.634979 0.842440 250.447952 236.734818 0.827961 191.714371 217.145767 0.736577 136.951645 311.123199 0.781801 258.294373 291.501434 0.842195 309.154907 252.409882 0.743017 342.368225 311.086456 0.696077 381.587219 371.748047 0.877358 166.280960 451.975922 0.543843 150.713043 628.042236 0.515397 0.000000 0.000000 0.000000 264.113525 459.801086 0.556093 238.720703 641.752258 0.463866 0.000000 0.000000 0.000000 303.290863 178.072296 0.917572 320.897766 181.991287 0.872025 262.214355 160.420273 0.859110 0.000000 0.000000 0.000000 
1 26 0 289.638733 197.582336 0.890470 238.643295 240.632080 0.883875 177.972778 223.010284 0.773884 121.314392 318.917053 0.826326 240.669952 299.310364 0.804568 297.400970 256.309387 0.800665 322.817688 318.849884 0.756980 358.015747 379.531433 0.827590 148.761917 451.959442 0.551287 130.995514 630.018005 0.503273 0.000000 0.000000 0.000000 244.547287 461.779968 0.583562 219.118088 645.638611 0.516306 0.000000 0.000000 0.000000 285.601471 179.983994 0.911265 303.316803 189.812653 0.900484 248.465775 164.263153 0.903877 0.000000 0.000000 0.000000 
0 27 0 289.664337 207.381210 0.888142 230.899857 240.664047 0.876304 172.203140 225.023605 0.776320 125.176643 324.808624 0.786557 242.689423 303.199554 0.862678 289.657074 256.200775 0.822629 318.952820 316.925934 0.773353 363.856384 381.491852 0.824013 158.462524 453.892731 0.562200 144.810043 629.987366 0.502572 0.000000 0.000000 0.000000 252.367355 461.704681 0.599818 246.524109 637.842285 0.525179 0.000000 0.000000 0.000000 283.717438 189.779388 0.830252 303.219604 193.719482 0.869468 242.565933 168.261032 0.907256 0.000000 0.000000 0.000000 
1 27 0 273.848755 209.426682 0.940405 221.108505 244.567688 0.859977 160.433762 228.955154 0.775522 109.594757 332.623535 0.801468 226.907104 305.186035 0.888895 279.752930 258.203979 0.813348 303.183868 318.963043 0.757295 334.569702 379.545563 0.852383 142.829834 451.951782 0.563389 127.142136 629.987122 0.500696 0.000000 0.000000 0.000000 234.800903 461.730225 0.601073 223.034637 635.884583 0.537385 0.000000 0.000000 0.000000 264.126221 193.705460 0.899317 285.625153 197.610764 0.852920 226.990356 176.111008 0.932797 0.000000 0.000000 0.000000 
0 28 0 285.589111 209.388748 0.878440 226.972778 242.657700 0.916096 166.301819 227.069092 0.789741 117.488632 332.554077 0.849397 240.645340 303.350708 0.900330 287.611328 256.328827 0.860352 313.035187 318.838959 0.740706 352.129486 381.476318 0.848509 158.494446 448.046997 0.590751 144.771378 618.227112 0.511453 136.953613 714.175659 0.051392 252.394196 455.837585 0.607974 260.193939 620.267151 0.541088 0.000000 0.000000 0.000000 273.861084 193.733246 0.939443 289.661896 195.700348 0.879372 234.814499 177.977661 0.891681 0.000000 0.000000 0.000000 
1 28 0 266.119049 211.353409 0.869449 215.195419 250.457596 0.836578 154.547806 236.757523 0.760220 105.680840 334.604218 0.823736 221.075302 307.144592 0.828849 273.942932 260.194061 0.850545 297.375336 322.866119 0.707661 326.743652 381.437225 0.798147 144.808228 448.075287 0.603677 129.162140 618.232239 0.546914 0.000000 0.000000 0.000000 238.672501 457.793762 0.639523 242.647827 620.253357 0.622772 0.000000 0.000000 0.000000 256.325470 195.662613 0.929289 273.986267 199.584671 0.879420 223.058716 178.111847 0.924923 0.000000 0.000000 0.000000 
0 29 0 289.624969 211.296661 0.931081 240.610840 246.539337 0.857821 178.119141 232.795761 0.781924 131.086105 332.596497 0.849010 244.580124 305.130463 0.852752 299.378082 258.325165 0.800843 320.824860 314.971008 0.730012 352.113312 367.858612 0.877707 168.263916 450.000000 0.584113 152.622284 610.459106 0.616746 133.047958 714.196594 0.062361 264.110809 457.816376 0.614636 273.952179 626.098083 0.574509 285.654327 714.187866 0.051713 283.678864 195.567398 0.881316 303.213470 197.659882 0.880006 242.672607 178.092651 0.945079 0.000000 0.000000 0.000000 
1 29 0 272.001160 213.258392 0.876141 226.912857 254.375854 0.918543 166.293152 240.615997 0.820944 117.352112 334.611511 0.883399 226.944366 307.198669 0.842543 287.532928 262.221191 0.797206 305.140076 320.835144 0.725917 332.606445 379.510162 0.779721 154.567200 451.970917 0.583402 133.044922 612.409851 0.580676 119.378128 714.183167 0.062059 248.477203 459.757202 0.612822 256.339203 616.317688 0.597171 0.000000 0.000000 0.000000 262.164062 195.743652 0.851608 285.645813 205.412216 0.866078 228.943390 179.971069 0.918806 0.000000 0.000000 0.000000 
0 30 0 316.987457 213.302460 0.880205 260.250153 254.377380 0.863004 203.492599 240.666046 0.800055 160.451721 334.510376 0.827690 273.857452 305.236328 0.901960 320.837830 264.123413 0.819051 340.487152 307.216949 0.659953 379.528381 365.783295 0.883324 193.758423 455.884552 0.588756 174.126038 620.226746 0.653678 0.000000 0.000000 0.000000 289.610474 461.766449 0.627927 289.543640 635.860901 0.603476 0.000000 0.000000 0.000000 305.198608 197.598221 0.906725 322.885406 203.468933 0.808170 269.961456 180.027054 0.908294 0.000000 0.000000 0.000000 
1 30 0 297.424896 221.038696 0.820169 250.445435 258.199097 0.860694 191.762665 242.680054 0.794455 144.816620 336.537445 0.854734 256.230103 309.162628 0.836129 307.156525 269.946533 0.798594 328.658661 318.929138 0.677495 354.196503 367.811554 0.857570 179.945145 457.783966 0.639620 158.437775 606.517334 0.549805 0.000000 0.000000 0.000000 273.963501 463.739105 0.627617 269.985809 614.338501 0.556716 0.000000 0.000000 0.000000 287.659485 203.479416 0.884132 305.304718 209.314224 0.920508 256.209381 185.853561 0.885024 0.000000 0.000000 0.000000 
0 31 0 338.525330 219.108688 0.859946 289.633087 260.231201 0.860182 234.811539 248.508759 0.745257 191.700958 338.464294 0.822551 301.285034 309.146820 0.813535 350.186340 272.022675 0.808536 369.787140 313.029022 0.628309 406.966888 361.914948 0.815835 224.970810 459.794037 0.597081 191.729706 622.184570 0.559889 0.000000 0.000000 0.000000 318.973145 469.544922 0.601424 303.277527 647.571960 0.572494 0.000000 0.000000 0.000000 332.623108 197.673172 0.871062 352.131012 209.300659 0.954439 295.408386 183.962418 0.828243 0.000000 0.000000 0.000000 
1 31 0 322.872681 222.996002 0.869019 277.813690 268.037964 0.826438 221.096069 256.261200 0.794744 178.083847 340.421204 0.834742 285.609711 315.023956 0.818438 336.568390 275.850647 0.826010 365.819061 334.535706 0.576221 385.494537 377.578644 0.781227 209.265076 459.769867 0.608842 178.031815 616.333008 0.653890 0.000000 0.000000 0.000000 303.252533 469.567169 0.628608 283.714417 637.834473 0.525711 0.000000 0.000000 0.000000 316.963470 205.435745 0.878968 336.458313 209.434448 0.976653 283.652252 193.599319 0.879091 0.000000 0.000000 0.000000 
0 32 0 352.286438 205.419724 0.883221 318.814545 268.032532 0.857941 258.217712 256.319611 0.859436 211.365112 352.113922 0.842094 316.905487 318.962067 0.835793 373.721588 273.976288 0.805285 395.202393 330.672089 0.610478 412.749176 367.768585 0.855565 242.703217 459.829498 0.626438 211.246002 620.224182 0.577932 0.000000 0.000000 0.000000 336.567505 475.424164 0.618784 307.205658 641.714600 0.602145 0.000000 0.000000 0.000000 346.276093 187.825165 0.841518 365.947968 195.667938 0.983047 313.050262 187.790009 0.833070 367.914032 209.307510 0.138929 
1 32 0 336.565308 207.425095 0.937990 303.277100 271.878723 0.927233 242.674637 258.266052 0.850930 197.580719 352.167725 0.861182 293.487030 320.921387 0.825656 361.946442 277.859955 0.797906 381.497070 361.945496 0.683027 385.468170 383.574860 0.740710 226.942459 461.728485 0.632664 191.679504 618.242920 0.662869 0.000000 0.000000 0.000000 320.816162 475.455627 0.627822 291.538239 645.604797 0.566947 0.000000 0.000000 0.000000 326.770203 191.735565 0.866286 350.286530 197.582962 0.972453 299.359222 193.592545 0.884038 352.297302 209.428497 0.189497 
0 33 0 356.070221 191.666458 0.850915 320.950043 258.222321 0.900606 262.183319 244.592148 0.794188 211.345581 346.277710 0.817399 316.975922 318.953583 0.835419 383.433411 269.984283 0.836810 393.222748 352.168671 0.537130 399.107178 397.144806 0.690418 246.533752 457.842651 0.579307 209.285919 616.287537 0.568729 178.046753 714.182190 0.054398 342.415710 473.464325 0.564070 313.018799 637.853943 0.581699 0.000000 0.000000 0.000000 348.240417 172.200607 0.870506 369.771210 180.082062 0.914789 318.805115 178.023987 0.944741 379.510284 195.703384 0.391986 
1 33 0 338.457367 193.631760 0.921066 307.159149 262.203766 0.843886 248.493607 254.279755 0.776960 195.659897 350.229187 0.867987 293.521210 320.872925 0.853285 367.779999 273.885101 0.878051 367.826996 352.201447 0.558777 365.926056 385.502136 0.726788 227.030441 459.786804 0.623789 183.948196 616.253540 0.642342 166.307632 714.171509 0.050889 320.956604 475.378204 0.603001 291.550385 645.628479 0.525244 0.000000 0.000000 0.000000 330.664276 177.955002 0.910959 352.292175 183.897812 0.909447 303.254761 180.058121 0.936929 365.796295 199.574219 0.735197 
0 34 0 338.536774 162.389572 0.911033 307.227631 242.614639 0.870798 242.640869 226.982147 0.824684 185.848053 338.462158 0.808650 297.360535 314.986481 0.808857 373.685913 256.352997 0.836101 383.429108 340.449554 0.750539 403.085480 418.744690 0.788158 226.930634 455.886353 0.556907 185.897598 635.891602 0.459569 0.000000 0.000000 0.000000 328.658783 469.562134 0.552130 301.321259 647.609924 0.503319 0.000000 0.000000 0.000000 330.662262 146.686081 0.910198 354.199310 154.559952 0.862407 303.157562 154.580917 0.884889 365.837067 176.006775 0.656350 
1 34 0 320.841461 166.278946 0.924613 289.670868 246.535812 0.860141 226.947357 232.804825 0.793218 172.170654 342.359985 0.773763 273.903656 318.815552 0.866546 354.152069 258.333405 0.848546 359.983948 342.401276 0.701326 377.624481 428.403625 0.759825 207.415909 453.895691 0.566194 166.338898 616.265503 0.651678 0.000000 0.000000 0.000000 307.232758 463.733704 0.569571 281.747040 643.708008 0.491224 0.000000 0.000000 0.000000 309.131897 148.789505 0.887184 336.464050 162.341599 0.960641 283.683594 160.455368 0.878477 348.250641 178.074707 0.746787 
0 35 0 307.155212 117.308777 0.902299 273.858856 211.245316 0.916011 199.563461 195.588898 0.786669 117.376541 313.048157 0.819766 209.257111 295.406006 0.830439 344.373932 226.956238 0.837137 350.197662 350.163452 0.816748 363.889954 469.544189 0.640354 177.988312 442.143646 0.526124 146.685226 631.928894 0.446376 0.000000 0.000000 0.000000 291.491760 461.728577 0.510208 279.779968 651.536438 0.440621 0.000000 0.000000 0.000000 295.398499 99.817261 0.901255 322.855408 111.528427 0.852738 260.292938 115.343224 0.903444 334.581635 131.115021 0.812889 
1 35 0 287.596100 121.290596 0.892629 256.215454 215.231277 0.875996 179.975998 199.555817 0.774381 101.778893 318.862091 0.840104 180.023788 303.161011 0.867893 324.752014 232.832123 0.807855 330.653503 352.154175 0.771721 340.451721 471.530762 0.662169 150.623474 438.278412 0.540264 127.197411 614.368530 0.510662 0.000000 0.000000 0.000000 264.117065 459.756500 0.525693 260.242310 628.032227 0.472072 0.000000 0.000000 0.000000 273.860596 105.628807 0.914774 303.230286 115.509628 0.935992 242.608810 117.487663 0.959364 313.066742 135.036072 0.764777 
0 36 0 289.522644 82.187286 0.907266 244.642059 179.997940 0.860362 166.342850 162.434082 0.776708 70.411537 287.676361 0.832202 150.668259 275.936035 0.782500 320.969269 199.548050 0.821342 316.907806 320.955505 0.722346 311.071930 412.853882 0.279993 148.735596 434.361115 0.472208 135.061081 633.943909 0.382523 0.000000 0.000000 0.000000 272.013489 449.986908 0.497396 256.354279 659.334290 0.428488 0.000000 0.000000 0.000000 273.852203 62.590527 0.890245 303.346405 70.517914 0.921109 236.770309 74.389259 0.880876 307.247711 91.915932 0.291566 
1 36 0 260.243591 86.161087 0.858146 226.874039 187.808746 0.879663 148.622864 170.192078 0.766044 52.813831 293.459076 0.810584 131.009018 283.695526 0.781349 303.201447 207.337006 0.816986 291.488739 324.810150 0.696774 285.607056 420.674530 0.474111 123.247131 432.414917 0.473168 115.447029 620.217896 0.514753 0.000000 0.000000 0.000000 240.701950 446.124603 0.503117 223.038696 645.654541 0.436987 0.000000 0.000000 0.000000 246.520050 70.382042 0.890499 277.804260 82.155190 0.880089 211.383759 84.125450 0.935549 289.509064 99.789917 0.719578 
0 37 0 291.490601 52.798176 0.870336 244.529282 158.504288 0.844454 160.447845 140.866394 0.711657 70.534294 273.999359 0.800465 178.091064 271.914459 0.805698 326.751312 178.094070 0.786261 322.827576 318.915344 0.850448 320.903168 459.713928 0.726839 132.996872 430.405487 0.461817 91.983704 649.558105 0.158215 0.000000 0.000000 0.000000 258.273834 457.803680 0.433405 232.838776 657.398743 0.245771 0.000000 0.000000 0.000000 275.840393 33.268402 0.908985 305.307495 41.127678 0.839314 230.892593 45.011765 0.843215 318.804932 56.748501 0.295332 
1 37 0 262.209167 62.588467 0.808304 219.155273 164.353455 0.849638 134.980057 148.634048 0.764701 52.731266 283.685059 0.788072 140.880432 275.859283 0.743490 303.191895 182.001373 0.792530 299.318573 322.813995 0.761332 291.519226 469.584015 0.616038 105.683998 438.268860 0.439044 95.863533 651.531067 0.301841 0.000000 0.000000 0.000000 228.887177 459.783722 0.423312 193.646835 667.190796 0.325709 0.000000 0.000000 0.000000 248.448898 39.154778 0.903612 277.877167 52.813675 0.899214 209.233154 52.899105 0.936558 287.659119 68.520340 0.211109 
0 38 0 334.460968 23.546919 0.740856 270.033173 131.037460 0.855249 178.059174 103.663162 0.709501 82.132812 240.659943 0.711656 172.175980 246.513687 0.722055 354.177155 156.514099 0.747454 356.103912 301.253723 0.724307 371.738220 430.392212 0.747006 140.854797 422.598145 0.398412 121.295097 616.297424 0.140508 0.000000 0.000000 0.000000 285.604370 438.244751 0.388247 258.229950 647.611938 0.266903 0.000000 0.000000 0.000000 318.991028 4.845903 0.646998 346.337585 17.560925 0.729867 264.150330 4.832557 0.778535 0.000000 0.000000 0.000000 
1 38 0 297.355591 35.144604 0.777267 240.587097 135.005356 0.867989 148.695282 115.376610 0.741642 54.747501 244.563950 0.734362 129.122437 256.288330 0.740424 322.894653 162.310379 0.764698 322.893524 303.320709 0.745020 336.533844 444.082001 0.755248 103.736916 416.730438 0.424069 88.092079 635.863464 0.311828 0.000000 0.000000 0.000000 242.568924 432.381683 0.418660 195.698456 659.349609 0.308518 0.000000 0.000000 0.000000 0.000000 0.000000 0.000000 314.990173 23.469084 0.831773 236.769760 19.518244 0.811214 318.954346 39.140129 0.117887 
0 39 0 365.970947 4.876651 0.054393 297.407898 105.637619 0.722188 387.398438 131.121445 0.713320 397.067657 260.200897 0.671578 397.090302 381.527161 0.575635 209.329056 84.160370 0.237181 0.000000 0.000000 0.000000 0.000000 0.000000 0.000000 148.662338 406.958252 0.321127 119.370598 635.871155 0.186141 0.000000 0.000000 0.000000 303.222107 428.509491 0.309926 244.608688 692.616272 0.212521 0.000000 0.000000 0.000000 0.000000 0.000000 0.000000 0.000000 0.000000 0.000000 365.827911 4.839314 0.084058 295.466919 4.870025 0.061722 
0 39 1 0.000000 0.000000 0.000000 0.000000 0.000000 0.000000 197.578690 82.205299 0.504802 101.660042 213.247452 0.751536 140.862320 254.310364 0.702408 0.000000 0.000000 0.000000 0.000000 0.000000 0.000000 0.000000 0.000000 0.000000 0.000000 0.000000 0.000000 0.000000 0.000000 0.000000 0.000000 0.000000 0.000000 0.000000 0.000000 0.000000 0.000000 0.000000 0.000000 0.000000 0.000000 0.000000 0.000000 0.000000 0.000000 0.000000 0.000000 0.000000 0.000000 0.000000 0.000000 0.000000 0.000000 0.000000 
1 39 0 318.926575 4.854566 0.402462 262.139404 113.415146 0.818227 170.190781 88.029381 0.681772 68.554291 224.992416 0.804399 99.773262 258.176727 0.827712 352.156006 134.988159 0.780764 352.227112 268.072479 0.767237 342.425995 387.381927 0.775188 115.443520 395.199493 0.403342 62.613285 608.476440 0.181038 0.000000 0.000000 0.000000 254.354630 418.711884 0.391997 217.162689 645.660339 0.205094 0.000000 0.000000 0.000000 0.000000 0.000000 0.000000 336.584869 4.862524 0.280048 258.261810 4.868881 0.224635 350.170837 3.891081 0.288154 
0 40 0 0.000000 0.000000 0.000000 315.002045 82.188766 0.701148 403.028870 117.386528 0.656678 0.000000 0.000000 0.000000 0.000000 0.000000 0.000000 230.851212 50.846931 0.104081 0.000000 0.000000 0.000000 0.000000 0.000000 0.000000 156.540054 397.161407 0.286274 119.374908 600.635193 0.164551 0.000000 0.000000 0.000000 318.850952 418.703461 0.376615 271.907593 639.790100 0.255383 0.000000 0.000000 0.000000 0.000000 0.000000 0.000000 0.000000 0.000000 0.000000 379.600861 4.830302 0.395635 311.069763 4.868720 0.081925 
0 40 1 0.000000 0.000000 0.000000 0.000000 0.000000 0.000000 211.378952 43.089844 0.529992 107.579796 191.763824 0.700702 160.376053 287.584747 0.629364 0.000000 0.000000 0.000000 0.000000 0.000000 0.000000 0.000000 0.000000 0.000000 0.000000 0.000000 0.000000 0.000000 0.000000 0.000000 0.000000 0.000000 0.000000 0.000000 0.000000 0.000000 0.000000 0.000000 0.000000 0.000000 0.000000 0.000000 0.000000 0.000000 0.000000 0.000000 0.000000 0.000000 0.000000 0.000000 0.000000 0.000000 0.000000 0.000000 
0 40 2 0.000000 0.000000 0.000000 0.000000 0.000000 0.000000 0.000000 0.000000 0.000000 0.000000 0.000000 0.000000 0.000000 0.000000 0.000000 399.237701 119.321632 0.152721 399.102356 271.889984 0.794332 414.796326 401.128326 0.747996 0.000000 0.000000 0.000000 0.000000 0.000000 0.000000 0.000000 0.000000 0.000000 0.000000 0.000000 0.000000 0.000000 0.000000 0.000000 0.000000 0.000000 0.000000 0.000000 0.000000 0.000000 0.000000 0.000000 0.000000 0.000000 0.000000 0.000000 0.000000 0.000000 0.000000 
1 40 0 350.175018 4.869431 0.130955 275.889465 88.061432 0.789259 179.969009 54.791271 0.668177 72.371353 199.556763 0.733069 101.755249 291.556000 0.728731 365.925385 125.221031 0.732834 361.915375 272.001007 0.738665 365.838440 403.059113 0.759781 117.374306 399.149628 0.353145 82.174088 633.915894 0.175903 0.000000 0.000000 0.000000 270.000092 426.500488 0.409092 211.340057 647.581543 0.244372 0.000000 0.000000 0.000000 0.000000 0.000000 0.000000 0.000000 0.000000 0.000000 0.000000 0.000000 0.000000 358.015015 4.856149 0.084805 
0 41 0 0.000000 0.000000 0.000000 320.814789 52.888126 0.579050 397.220428 101.686890 0.614133 0.000000 0.000000 0.000000 0.000000 0.000000 0.000000 244.561981 4.846568 0.287012 115.426186 150.649368 0.161327 0.000000 0.000000 0.000000 168.242264 403.042358 0.223538 154.557129 604.566406 0.131766 0.000000 0.000000 0.000000 322.807556 412.801636 0.338573 271.979034 651.525146 0.142631 0.000000 0.000000 0.000000 0.000000 0.000000 0.000000 0.000000 0.000000 0.000000 377.620026 4.838250 0.087590 0.000000 0.000000 0.000000 
0 41 1 0.000000 0.000000 0.000000 0.000000 0.000000 0.000000 238.650589 4.846478 0.189804 103.666115 158.438583 0.483920 127.128922 318.923096 0.635444 0.000000 0.000000 0.000000 0.000000 0.000000 0.000000 0.000000 0.000000 0.000000 0.000000 0.000000 0.000000 0.000000 0.000000 0.000000 0.000000 0.000000 0.000000 0.000000 0.000000 0.000000 0.000000 0.000000 0.000000 0.000000 0.000000 0.000000 0.000000 0.000000 0.000000 0.000000 0.000000 0.000000 0.000000 0.000000 0.000000 0.000000 0.000000 0.000000 
0 41 2 0.000000 0.000000 0.000000 0.000000 0.000000 0.000000 0.000000 0.000000 0.000000 0.000000 0.000000 0.000000 0.000000 0.000000 0.000000 397.083374 103.679893 0.196427 383.463928 266.069977 0.744297 404.970398 418.716522 0.657145 0.000000 0.000000 0.000000 0.000000 0.000000 0.000000 0.000000 0.000000 0.000000 0.000000 0.000000 0.000000 0.000000 0.000000 0.000000 0.000000 0.000000 0.000000 0.000000 0.000000 0.000000 0.000000 0.000000 0.000000 0.000000 0.000000 0.000000 0.000000 0.000000 0.000000 
1 41 0 976.296509 307.174957 0.414467 980.270630 361.942291 0.452204 937.154480 367.765106 0.417846 917.628113 442.165894 0.115919 0.000000 0.000000 0.000000 1025.249146 352.260132 0.354911 1052.627319 428.488342 0.093308 0.000000 0.000000 0.000000 962.608459 487.173950 0.139821 0.000000 0.000000 0.000000 0.000000 0.000000 0.000000 1025.204346 483.263611 0.131581 0.000000 0.000000 0.000000 0.000000 0.000000 0.000000 962.677002 301.253113 0.413447 982.171204 297.353790 0.382233 947.018250 305.247101 0.282224 995.895081 303.200653 0.160661 
1 41 1 0.000000 0.000000 0.000000 273.850800 56.798386 0.728104 0.000000 0.000000 0.000000 0.000000 0.000000 0.000000 0.000000 0.000000 0.000000 352.226501 105.660278 0.701652 346.284454 275.850952 0.712206 365.946564 430.491364 0.760230 119.387184 391.308868 0.259894 105.632668 600.652771 0.218844 0.000000 0.000000 0.000000 271.998505 418.705017 0.391060 223.047073 641.722229 0.239542 0.000000 0.000000 0.000000 0.000000 0.000000 0.000000 0.000000 0.000000 0.000000 0.000000 0.000000 0.000000 0.000000 0.000000 0.000000 
0 42 0 0.000000 0.000000 0.000000 318.817932 27.420298 0.535114 383.567749 58.686115 0.608812 373.693512 166.357666 0.249784 0.000000 0.000000 0.000000 254.351944 4.847472 0.196185 107.629158 97.829720 0.052507 0.000000 0.000000 0.000000 336.500214 383.471649 0.189271 0.000000 0.000000 0.000000 0.000000 0.000000 0.000000 176.086700 379.565063 0.072514 0.000000 0.000000 0.000000 0.000000 0.000000 0.000000 0.000000 0.000000 0.000000 0.000000 0.000000 0.000000 0.000000 0.000000 0.000000 0.000000 0.000000 0.000000 
1 42 0 0.000000 0.000000 0.000000 266.064056 31.322754 0.627678 344.337860 66.462143 0.674242 332.584686 180.035172 0.424363 0.000000 0.000000 0.000000 193.690994 4.843467 0.420154 41.147541 119.366699 0.416756 41.082573 318.910645 0.080846 262.180237 404.992371 0.244535 256.320099 624.132202 0.111206 0.000000 0.000000 0.000000 113.444023 387.381500 0.161681 86.125664 583.050476 0.070968 0.000000 0.000000 0.000000 0.000000 0.000000 0.000000 0.000000 0.000000 0.000000 0.000000 0.000000 0.000000 0.000000 0.000000 0.000000 
0 43 0 0.000000 0.000000 0.000000 0.000000 0.000000 0.000000 0.000000 0.000000 0.000000 0.000000 0.000000 0.000000 0.000000 0.000000 0.000000 385.446777 17.589016 0.106009 365.929413 211.289734 0.168191 426.491150 346.325134 0.605585 0.000000 0.000000 0.000000 0.000000 0.000000 0.000000 0.000000 0.000000 0.000000 0.000000 0.000000 0.000000 0.000000 0.000000 0.000000 0.000000 0.000000 0.000000 0.000000 0.000000 0.000000 0.000000 0.000000 0.000000 0.000000 0.000000 0.000000 0.000000 0.000000 0.000000 
1 43 0 0.000000 0.000000 0.000000 264.141022 3.883925 0.211367 352.235107 31.324112 0.288560 0.000000 0.000000 0.000000 0.000000 0.000000 0.000000 0.000000 0.000000 0.000000 0.000000 0.000000 0.000000 0.000000 0.000000 0.000000 170.216660 381.506622 0.182363 82.191551 571.288208 0.087671 0.000000 0.000000 0.000000 303.275238 381.482666 0.321631 307.150879 641.743103 0.105987 0.000000 0.000000 0.000000 0.000000 0.000000 0.000000 0.000000 0.000000 0.000000 0.000000 0.000000 0.000000 0.000000 0.000000 0.000000 
1 43 1 0.000000 0.000000 0.000000 0.000000 0.000000 0.000000 0.000000 0.000000 0.000000 0.000000 0.000000 0.000000 0.000000 0.000000 0.000000 348.279266 37.138458 0.301794 316.953217 211.268585 0.433121 367.869263 350.186157 0.644936 0.000000 0.000000 0.000000 0.000000 0.000000 0.000000 0.000000 0.000000 0.000000 0.000000 0.000000 0.000000 0.000000 0.000000 0.000000 0.000000 0.000000 0.000000 0.000000 0.000000 0.000000 0.000000 0.000000 0.000000 0.000000 0.000000 0.000000 0.000000 0.000000 0.000000 
0 44 0 0.000000 0.000000 0.000000 418.683411 4.840108 0.062435 0.000000 0.000000 0.000000 0.000000 0.000000 0.000000 0.000000 0.000000 0.000000 461.734619 21.463596 0.543129 477.411865 201.512619 0.745358 508.755127 256.298676 0.688921 0.000000 0.000000 0.000000 0.000000 0.000000 0.000000 0.000000 0.000000 0.000000 0.000000 0.000000 0.000000 0.000000 0.000000 0.000000 0.000000 0.000000 0.000000 0.000000 0.000000 0.000000 0.000000 0.000000 0.000000 0.000000 0.000000 0.000000 0.000000 0.000000 0.000000 
0 44 1 0.000000 0.000000 0.000000 356.106323 3.891179 0.057615 0.000000 0.000000 0.000000 0.000000 0.000000 0.000000 0.000000 0.000000 0.000000 0.000000 0.000000 0.000000 0.000000 0.000000 0.000000 0.000000 0.000000 0.000000 221.080505 330.656525 0.136871 0.000000 0.000000 0.000000 0.000000 0.000000 0.000000 397.153748 385.442200 0.221698 379.557434 684.767517 0.069952 0.000000 0.000000 0.000000 0.000000 0.000000 0.000000 0.000000 0.000000 0.000000 0.000000 0.000000 0.000000 0.000000 0.000000 0.000000 
1 44 0 0.000000 0.000000 0.000000 367.834137 4.849919 0.062250 412.797028 21.501146 0.537176 428.451447 170.228745 0.060791 0.000000 0.000000 0.000000 399.126984 27.371937 0.110592 430.492157 199.547852 0.695234 446.123627 258.214050 0.735315 0.000000 0.000000 0.000000 0.000000 0.000000 0.000000 0.000000 0.000000 0.000000 0.000000 0.000000 0.000000 0.000000 0.000000 0.000000 0.000000 0.000000 0.000000 0.000000 0.000000 0.000000 0.000000 0.000000 0.000000 0.000000 0.000000 0.000000 0.000000 0.000000 0.000000 
0 45 0 0.000000 0.000000 0.000000 410.873383 4.842686 0.293945 322.843323 4.840252 0.240084 179.946594 135.017761 0.710010 152.598206 256.332916 0.736291 536.110779 25.461514 0.539133 586.939331 211.322189 0.720620 526.312805 303.180298 0.691576 230.889023 377.615540 0.239417 152.599548 610.436035 0.064125 0.000000 0.000000 0.000000 424.560883 416.728882 0.220585 383.490662 639.781616 0.131470 0.000000 0.000000 0.000000 0.000000 0.000000 0.000000 0.000000 0.000000 0.000000 0.000000 0.000000 0.000000 0.000000 0.000000 0.000000 
1 45 0 0.000000 0.000000 0.000000 0.000000 0.000000 0.000000 262.169861 4.833043 0.416916 133.089249 144.764420 0.759138 91.975571 262.170990 0.737693 0.000000 0.000000 0.000000 0.000000 0.000000 0.000000 0.000000 0.000000 0.000000 0.000000 0.000000 0.000000 0.000000 0.000000 0.000000 0.000000 0.000000 0.000000 0.000000 0.000000 0.000000 0.000000 0.000000 0.000000 0.000000 0.000000 0.000000 0.000000 0.000000 0.000000 0.000000 0.000000 0.000000 0.000000 0.000000 0.000000 0.000000 0.000000 0.000000 
1 45 1 0.000000 0.000000 0.000000 0.000000 0.000000 0.000000 0.000000 0.000000 0.000000 0.000000 0.000000 0.000000 0.000000 0.000000 0.000000 485.239532 35.204254 0.605382 536.087341 222.981354 0.708527 459.811218 301.234558 0.687257 0.000000 0.000000 0.000000 0.000000 0.000000 0.000000 0.000000 0.000000 0.000000 0.000000 0.000000 0.000000 0.000000 0.000000 0.000000 0.000000 0.000000 0.000000 0.000000 0.000000 0.000000 0.000000 0.000000 0.000000 0.000000 0.000000 0.000000 0.000000 0.000000 0.000000 
0 46 0 0.000000 0.000000 0.000000 432.432465 21.442530 0.535384 336.540588 3.891340 0.492623 238.641373 166.368454 0.692260 162.458893 303.297455 0.801120 545.867188 41.067581 0.586902 585.024719 236.738098 0.699092 493.087311 285.666229 0.774465 226.983780 367.818634 0.305528 142.827789 602.602173 0.121910 0.000000 0.000000 0.000000 432.378723 428.453766 0.201695 375.655670 635.876465 0.175029 0.000000 0.000000 0.000000 0.000000 0.000000 0.000000 0.000000 0.000000 0.000000 0.000000 0.000000 0.000000 0.000000 0.000000 0.000000 
1 46 0 0.000000 0.000000 0.000000 381.578430 23.574169 0.553156 492.991638 45.003784 0.576966 526.357300 240.678192 0.694556 444.083160 287.581360 0.115118 289.528839 19.500769 0.460655 193.745468 176.056854 0.175524 0.000000 0.000000 0.000000 297.393433 377.604858 0.056603 0.000000 0.000000 0.000000 0.000000 0.000000 0.000000 0.000000 0.000000 0.000000 0.000000 0.000000 0.000000 0.000000 0.000000 0.000000 0.000000 0.000000 0.000000 0.000000 0.000000 0.000000 0.000000 0.000000 0.000000 0.000000 0.000000 0.000000 
0 47 0 0.000000 0.000000 0.000000 389.348572 43.013702 0.739066 287.621765 23.487633 0.588468 193.610672 180.072113 0.753899 113.492348 305.264313 0.810404 492.994873 66.536766 0.678055 520.446411 252.373657 0.707523 438.269073 230.902802 0.674190 195.622665 371.748322 0.348419 131.096832 588.921204 0.187444 0.000000 0.000000 0.000000 379.533081 412.828522 0.286960 369.817261 680.869446 0.154760 0.000000 0.000000 0.000000 0.000000 0.000000 0.000000 0.000000 0.000000 0.000000 0.000000 0.000000 0.000000 0.000000 0.000000 0.000000 
1 47 0 0.000000 0.000000 0.000000 342.400787 52.839619 0.766241 242.589401 37.160301 0.652164 148.729828 193.689468 0.735045 68.486275 311.120209 0.801943 444.167480 70.419876 0.695191 465.649139 248.475449 0.694116 367.763580 240.697449 0.761821 144.758148 365.892639 0.374227 70.402588 590.862854 0.195346 0.000000 0.000000 0.000000 316.926880 403.050568 0.283831 299.354065 637.841858 0.204560 0.000000 0.000000 0.000000 0.000000 0.000000 0.000000 0.000000 0.000000 0.000000 0.000000 0.000000 0.000000 0.000000 0.000000 0.000000 
0 48 0 0.000000 0.000000 0.000000 275.871246 86.155075 0.810875 379.581329 99.763062 0.719084 410.902740 254.303696 0.671463 369.833008 303.193207 0.694063 179.955353 74.391060 0.696132 99.760902 226.906677 0.667027 74.335342 305.191345 0.576865 273.943634 430.453186 0.277170 0.000000 0.000000 0.000000 0.000000 0.000000 0.000000 127.193481 412.838501 0.246895 0.000000 0.000000 0.000000 0.000000 0.000000 0.000000 0.000000 0.000000 0.000000 0.000000 0.000000 0.000000 336.531769 4.839266 0.422300 268.029266 4.860308 0.194961 
1 48 0 318.784332 4.881299 0.089377 240.594299 97.761559 0.779243 144.735352 88.058807 0.683294 70.401138 230.882782 0.734371 37.150169 313.046753 0.782119 336.513275 105.621681 0.671325 365.943909 260.267700 0.732262 318.924011 303.285248 0.784905 78.269653 422.621490 0.360199 52.827404 655.440247 0.157417 0.000000 0.000000 0.000000 232.840225 438.264862 0.344018 224.991440 671.093140 0.159044 0.000000 0.000000 0.000000 0.000000 0.000000 0.000000 0.000000 0.000000 0.000000 0.000000 0.000000 0.000000 320.889069 4.873358 0.088097 
0 49 0 0.000000 0.000000 0.000000 211.303543 99.821587 0.853867 115.418602 91.980499 0.689760 37.152187 250.457001 0.753031 88.060822 332.623871 0.747181 305.220734 113.498314 0.750539 318.860474 256.270874 0.821771 332.588928 320.891022 0.834696 121.333855 416.736603 0.373921 99.719269 663.259949 0.261078 0.000000 0.000000 0.000000 258.316223 412.795441 0.431063 228.937057 669.121704 0.220099 0.000000 0.000000 0.000000 0.000000 0.000000 0.000000 0.000000 0.000000 0.000000 179.976639 4.876192 0.092617 0.000000 0.000000 0.000000 
1 49 0 205.395218 4.873914 0.151711 182.002045 109.546783 0.811556 89.995781 101.762024 0.698775 4.832951 262.173004 0.662262 50.859669 334.496094 0.751942 273.890350 119.321587 0.778960 287.524292 256.366547 0.804852 289.521637 328.661652 0.783250 86.104309 424.553406 0.402525 82.183739 665.202393 0.246141 0.000000 0.000000 0.000000 217.200943 416.740997 0.407730 195.609070 637.834717 0.285392 0.000000 0.000000 0.000000 0.000000 0.000000 0.000000 0.000000 0.000000 0.000000 152.648407 4.866313 0.151010 240.667221 4.867551 0.162588 
0 50 0 260.181305 4.851107 0.436205 211.360046 117.378349 0.861148 123.248878 99.779510 0.696536 37.209614 242.544083 0.819474 134.982758 344.347504 0.640335 295.410950 136.955856 0.749291 299.371338 287.591858 0.832047 330.630951 393.250183 0.726921 121.334290 432.394135 0.397534 91.955414 665.237549 0.280868 0.000000 0.000000 0.000000 254.364212 442.174103 0.459449 240.661484 671.087952 0.279186 0.000000 0.000000 0.000000 0.000000 0.000000 0.000000 273.858582 4.873015 0.221970 195.616348 4.860660 0.201455 287.661774 4.846339 0.220200 
1 50 0 0.000000 0.000000 0.000000 183.956039 125.242111 0.809447 99.707268 107.596535 0.705745 0.000000 0.000000 0.000000 0.000000 0.000000 0.000000 270.018158 146.684097 0.790587 271.893738 289.586182 0.845424 299.363403 395.173065 0.730652 89.969276 432.384216 0.415299 78.248329 659.343628 0.221443 0.000000 0.000000 0.000000 217.164047 434.365692 0.438182 193.708832 649.549438 0.279670 0.000000 0.000000 0.000000 0.000000 0.000000 0.000000 0.000000 0.000000 0.000000 164.356308 4.837874 0.659106 260.206177 4.848316 0.061079 
0 51 0 322.805878 33.266644 0.817135 248.469360 129.151321 0.728037 180.079636 86.146904 0.690354 117.398758 234.785431 0.735710 285.666870 336.591095 0.697983 307.211273 164.283417 0.681713 281.731628 291.508698 0.084344 0.000000 0.000000 0.000000 138.936356 446.088196 0.371891 101.764954 631.962708 0.114863 0.000000 0.000000 0.000000 271.932220 471.519623 0.425032 260.193329 678.916260 0.234661 0.000000 0.000000 0.000000 0.000000 0.000000 0.000000 334.642853 23.430573 0.794375 258.285461 17.582497 0.750238 0.000000 0.000000 0.000000 
1 51 0 289.582642 39.132427 0.852058 223.073181 135.024445 0.791085 152.595703 99.763153 0.703785 86.023102 238.685577 0.747241 242.575226 336.613373 0.624661 287.562622 174.078140 0.708195 258.234283 295.421448 0.183416 0.000000 0.000000 0.000000 109.540878 446.070618 0.385953 86.090332 659.356934 0.248090 0.000000 0.000000 0.000000 238.651840 457.826416 0.426840 217.178375 665.213928 0.220039 0.000000 0.000000 0.000000 274.003906 21.398903 0.873183 305.216583 35.148460 0.843940 228.878677 23.497574 0.861743 305.294556 54.753345 0.102204 
0 52 0 385.431610 54.770603 0.844054 293.443878 127.156715 0.625758 256.351257 86.086006 0.706365 232.833389 230.885651 0.721538 381.447723 350.234711 0.703830 326.717560 158.498306 0.528537 0.000000 0.000000 0.000000 0.000000 0.000000 0.000000 203.486420 430.421936 0.319577 178.030533 663.258362 0.149743 0.000000 0.000000 0.000000 293.507233 446.080322 0.358241 271.989990 663.260986 0.263189 0.000000 0.000000 0.000000 371.771423 33.254036 0.860262 397.233795 46.942444 0.846547 320.789612 35.176239 0.898662 0.000000 0.000000 0.000000 
1 52 0 352.193481 66.506676 0.875153 268.000275 133.085800 0.651974 226.961731 99.735710 0.715034 193.698807 238.698090 0.771191 334.515015 348.207306 0.745096 303.172577 170.210754 0.536045 0.000000 0.000000 0.000000 0.000000 0.000000 0.000000 162.372849 432.410400 0.344373 131.118835 655.437317 0.230070 0.000000 0.000000 0.000000 258.248810 453.925568 0.402006 240.698822 649.558960 0.260564 0.000000 0.000000 0.000000 338.519226 39.146786 0.901579 365.900085 54.867352 0.909729 289.587708 39.134659 0.918454 0.000000 0.000000 0.000000 
0 53 0 446.041290 52.867020 0.867932 342.404694 117.338997 0.558009 314.959534 72.387955 0.634079 240.637711 207.366455 0.697515 379.523956 365.837463 0.719178 367.875854 150.649628 0.516152 0.000000 0.000000 0.000000 0.000000 0.000000 0.000000 215.248550 412.828888 0.321679 193.654724 653.483215 0.198192 0.000000 0.000000 0.000000 309.108734 432.404602 0.368620 283.680145 645.663452 0.286523 0.000000 0.000000 0.000000 430.468964 25.487324 0.871522 457.838379 41.096806 0.749488 373.673370 23.557209 0.853851 0.000000 0.000000 0.000000 
1 53 0 410.790863 58.688118 0.804811 305.262909 121.326683 0.591896 273.917450 82.174675 0.673671 193.669098 213.288040 0.693765 332.562378 367.802155 0.703217 336.521362 160.398071 0.523410 0.000000 0.000000 0.000000 0.000000 0.000000 0.000000 168.269272 420.662292 0.315837 131.113724 651.533508 0.209652 0.000000 0.000000 0.000000 269.996948 446.104370 0.382191 242.678772 647.614380 0.249490 0.000000 0.000000 0.000000 397.106873 37.088642 0.895644 418.692078 52.763309 0.804964 338.538177 37.088024 0.893374 0.000000 0.000000 0.000000 
0 54 0 545.888672 21.502607 0.595904 403.049774 99.757233 0.550795 367.901947 23.457115 0.561884 209.318954 142.803391 0.603968 332.591034 363.939026 0.543736 444.147614 164.315262 0.586411 397.238892 334.521912 0.768486 410.851959 493.022217 0.350720 179.977753 410.859619 0.238281 144.753891 628.037231 0.079535 0.000000 0.000000 0.000000 303.225891 455.855560 0.302705 285.632751 694.582397 0.127095 0.000000 0.000000 0.000000 537.981750 4.856120 0.354680 555.591125 4.829425 0.382910 461.814728 4.866751 0.201507 0.000000 0.000000 0.000000 
1 54 0 500.892151 25.481232 0.697589 361.969482 103.742104 0.631371 320.807556 37.083389 0.650430 150.655701 148.648773 0.606267 256.350525 352.196686 0.220322 405.029785 168.276337 0.592421 363.845215 328.675781 0.666982 365.930908 485.203125 0.423126 129.082672 422.604370 0.260772 107.606705 649.586853 0.150040 0.000000 0.000000 0.000000 254.291168 455.875793 0.340091 226.979172 682.841309 0.143827 0.000000 0.000000 0.000000 489.097198 4.846613 0.517007 0.000000 0.000000 0.000000 416.790253 4.865817 0.201359 0.000000 0.000000 0.000000 
0 55 0 624.135498 3.887825 0.386310 469.579224 70.471931 0.507625 416.748016 4.853373 0.173735 174.149277 52.787361 0.548191 236.737915 191.727631 0.120316 538.002197 162.351959 0.624521 508.739838 365.878967 0.727212 496.944397 577.154236 0.607341 156.525604 356.084961 0.184890 148.683533 612.390381 0.059169 0.000000 0.000000 0.000000 324.790619 430.448242 0.191931 361.965454 686.753418 0.087276 0.000000 0.000000 0.000000 0.000000 0.000000 0.000000 643.651245 4.862226 0.144275 0.000000 0.000000 0.000000 0.000000 0.000000 0.000000 
1 55 0 557.617065 4.830785 0.440477 414.793915 74.337875 0.552315 354.143494 4.845674 0.230889 107.630074 68.492462 0.599822 154.551529 213.274109 0.157243 485.189636 164.412567 0.604336 459.716644 367.782806 0.664221 440.238159 551.740112 0.236775 103.693329 350.219116 0.158289 84.121452 604.567749 0.050536 0.000000 0.000000 0.000000 260.244080 408.914154 0.207695 279.760468 657.391052 0.075204 0.000000 0.000000 0.000000 0.000000 0.000000 0.000000 584.921814 4.860042 0.225884 0.000000 0.000000 0.000000 0.000000 0.000000 0.000000 
0 56 0 743.420959 23.552748 0.277188 526.318542 84.102493 0.318377 463.702118 4.856894 0.131813 0.000000 0.000000 0.000000 0.000000 0.000000 0.000000 616.339844 197.609406 0.443556 602.643066 334.582306 0.086944 0.000000 0.000000 0.000000 0.000000 0.000000 0.000000 0.000000 0.000000 0.000000 0.000000 0.000000 0.000000 365.851227 442.165924 0.224741 451.949982 684.784790 0.092769 0.000000 0.000000 0.000000 739.526489 4.854188 0.269979 764.998535 19.530521 0.325489 0.000000 0.000000 0.000000 0.000000 0.000000 0.000000 
1 56 0 0.000000 0.000000 0.000000 459.799011 88.042847 0.405783 383.510468 4.853753 0.167136 76.313599 52.760899 0.473742 68.433609 213.258377 0.100839 545.880493 197.653336 0.446072 512.632507 444.096497 0.472352 0.000000 0.000000 0.000000 0.000000 0.000000 0.000000 0.000000 0.000000 0.000000 0.000000 0.000000 0.000000 289.571564 440.196167 0.214911 367.804443 669.136414 0.102162 0.000000 0.000000 0.000000 0.000000 0.000000 0.000000 0.000000 0.000000 0.000000 0.000000 0.000000 0.000000 0.000000 0.000000 0.000000 
0 57 0 966.550415 80.193741 0.401983 0.000000 0.000000 0.000000 0.000000 0.000000 0.000000 0.000000 0.000000 0.000000 0.000000 0.000000 0.000000 0.000000 0.000000 0.000000 0.000000 0.000000 0.000000 0.000000 0.000000 0.000000 0.000000 0.000000 0.000000 0.000000 0.000000 0.000000 0.000000 0.000000 0.000000 0.000000 0.000000 0.000000 0.000000 0.000000 0.000000 0.000000 0.000000 0.000000 960.694397 19.526989 0.542298 995.915161 68.526802 0.385303 0.000000 0.000000 0.000000 0.000000 0.000000 0.000000 
1 57 0 831.517212 84.141731 0.470047 563.471252 152.613342 0.236415 0.000000 0.000000 0.000000 0.000000 0.000000 0.000000 0.000000 0.000000 0.000000 647.624817 299.347778 0.267129 610.425781 467.626343 0.096404 0.000000 0.000000 0.000000 180.025452 455.857574 0.129235 211.273300 653.490295 0.136768 0.000000 0.000000 0.000000 363.922363 487.185181 0.224375 451.943085 698.484802 0.077621 0.000000 0.000000 0.000000 0.000000 0.000000 0.000000 870.647949 76.304108 0.434266 0.000000 0.000000 0.000000 0.000000 0.000000 0.000000 
0 58 0 1140.657593 72.421661 0.509961 759.121155 201.534195 0.277243 583.030396 50.860653 0.201491 258.274231 201.496109 0.504517 291.505981 532.193237 0.556653 888.275146 338.483032 0.279650 819.737793 524.376770 0.224718 747.401001 649.546814 0.094593 344.363464 459.775726 0.100858 0.000000 0.000000 0.000000 0.000000 0.000000 0.000000 586.969543 524.355591 0.093634 0.000000 0.000000 0.000000 0.000000 0.000000 0.000000 0.000000 0.000000 0.000000 1166.069458 56.729488 0.410236 0.000000 0.000000 0.000000 0.000000 0.000000 0.000000 
1 58 0 729.793091 95.862404 0.408902 618.255493 209.332901 0.394773 412.829193 50.851166 0.198086 166.345001 226.971481 0.487950 181.955811 426.523865 0.142953 759.129333 330.637665 0.284599 692.568420 600.638184 0.235628 647.620300 667.197388 0.111601 277.830017 446.084442 0.146576 0.000000 0.000000 0.000000 0.000000 0.000000 0.000000 516.526306 516.515930 0.125140 0.000000 0.000000 0.000000 0.000000 0.000000 0.000000 721.909058 46.951626 0.188592 792.367554 82.155006 0.354411 673.003784 4.851259 0.154474 839.363281 150.658722 0.068471 
1 58 1 913.671204 54.835228 0.541111 0.000000 0.000000 0.000000 0.000000 0.000000 0.000000 0.000000 0.000000 0.000000 0.000000 0.000000 0.000000 0.000000 0.000000 0.000000 0.000000 0.000000 0.000000 0.000000 0.000000 0.000000 0.000000 0.000000 0.000000 0.000000 0.000000 0.000000 0.000000 0.000000 0.000000 0.000000 0.000000 0.000000 0.000000 0.000000 0.000000 0.000000 0.000000 0.000000 913.688843 37.116714 0.055758 972.389648 37.228416 0.637192 0.000000 0.000000 0.000000 0.000000 0.000000 0.000000 
0 59 0 780.675781 117.432777 0.092551 696.558899 256.285492 0.450086 485.216217 166.289307 0.285033 289.648254 350.221893 0.607643 385.450562 584.973511 0.480102 882.355164 334.561371 0.299783 905.853210 510.687897 0.183283 0.000000 0.000000 0.000000 446.107117 536.090149 0.153501 397.225922 622.220825 0.068985 0.000000 0.000000 0.000000 686.735779 573.260071 0.205955 774.817017 669.137329 0.056936 0.000000 0.000000 0.000000 0.000000 0.000000 0.000000 0.000000 0.000000 0.000000 698.495789 4.838823 0.420242 0.000000 0.000000 0.000000 
1 59 0 641.728943 131.056152 0.123088 567.413940 256.318817 0.447717 336.485229 176.096115 0.343160 207.345093 350.233887 0.508188 287.540039 577.164551 0.405563 761.086121 326.737457 0.312315 790.412903 581.079590 0.246633 0.000000 0.000000 0.000000 385.422058 547.817444 0.203699 0.000000 0.000000 0.000000 0.000000 0.000000 0.000000 614.371704 584.977356 0.209229 0.000000 0.000000 0.000000 0.000000 0.000000 0.000000 606.517578 88.068832 0.225803 680.917664 115.410515 0.057238 508.723907 3.888859 0.455089 710.239868 138.899323 0.065794 
0 60 0 696.499023 146.706024 0.799005 624.113586 365.870300 0.600401 449.988556 334.573364 0.438935 291.547485 508.748566 0.607354 428.488129 665.204956 0.302842 800.186401 389.357819 0.465324 841.312744 583.024902 0.405938 0.000000 0.000000 0.000000 496.963257 714.139771 0.095267 0.000000 0.000000 0.000000 0.000000 0.000000 0.000000 692.595276 694.577271 0.170208 0.000000 0.000000 0.000000 0.000000 0.000000 0.000000 649.591919 99.775085 0.848623 735.631042 109.525444 0.804682 557.592896 164.423904 0.807766 0.000000 0.000000 0.000000 
1 60 0 538.109131 148.712906 0.748052 524.329163 365.916077 0.606845 352.168304 338.454071 0.500947 226.989563 516.512634 0.634324 322.865051 653.491089 0.299848 696.566284 391.326721 0.462767 774.781616 586.962036 0.381339 0.000000 0.000000 0.000000 444.100922 665.204407 0.172961 0.000000 0.000000 0.000000 0.000000 0.000000 0.000000 610.421387 684.791992 0.176904 0.000000 0.000000 0.000000 0.000000 0.000000 0.000000 504.801849 101.733849 0.886725 594.784973 115.359161 0.827675 438.266022 174.154388 0.761345 635.901672 179.947647 0.762854 
0 61 0 647.635437 160.403473 0.809955 602.623230 352.143311 0.785738 475.481781 348.257446 0.593629 338.445526 540.071411 0.693376 491.109711 665.260803 0.299959 731.767151 358.022888 0.608826 757.083923 571.284546 0.610503 788.484680 676.932190 0.147065 532.168518 682.846497 0.207737 0.000000 0.000000 0.000000 0.000000 0.000000 0.000000 686.746948 678.873840 0.292898 0.000000 0.000000 0.000000 0.000000 0.000000 0.000000 612.386414 144.773575 0.841335 663.216919 146.645020 0.789304 553.667419 199.574127 0.870082 0.000000 0.000000 0.000000 
1 61 0 569.384888 162.412338 0.826207 540.001526 354.117554 0.784176 412.847107 352.135132 0.615862 279.776489 541.971375 0.672898 399.095245 663.280212 0.316713 669.124084 358.070068 0.608205 694.577393 567.357849 0.540054 716.069214 675.023682 0.180419 461.769073 680.875427 0.241513 0.000000 0.000000 0.000000 0.000000 0.000000 0.000000 616.339539 680.865967 0.282453 0.000000 0.000000 0.000000 0.000000 0.000000 0.000000 538.080566 146.751114 0.923962 588.962036 148.654099 0.834517 491.015625 207.354462 0.847541 614.326233 187.847275 0.313062 
0 62 0 657.389526 219.156357 0.776034 610.447205 381.518463 0.770150 504.738953 365.845764 0.648792 356.085144 541.953491 0.652361 448.030548 598.631165 0.756462 714.161011 399.096069 0.735729 727.847046 586.925903 0.744305 855.026855 649.605469 0.245797 522.406006 714.141357 0.128666 0.000000 0.000000 0.000000 0.000000 0.000000 0.000000 680.890625 690.642761 0.244954 0.000000 0.000000 0.000000 0.000000 0.000000 0.000000 630.015747 207.335602 0.870011 667.239014 209.364182 0.812411 575.189087 244.553970 0.876270 678.951355 238.688293 0.095342 
1 62 0 598.726013 221.108887 0.797258 555.627686 383.460724 0.810715 446.110687 367.835663 0.662779 303.193268 538.060547 0.618666 367.870728 592.822021 0.688167 665.214294 401.072784 0.736578 675.023621 588.890625 0.724049 784.568787 659.353394 0.238813 451.963501 700.445312 0.162122 0.000000 0.000000 0.000000 0.000000 0.000000 0.000000 606.513306 704.360962 0.202505 0.000000 0.000000 0.000000 0.000000 0.000000 0.000000 571.299866 207.401688 0.867958 616.320190 211.258911 0.856984 524.314941 252.405640 0.879966 628.041870 240.613632 0.378493 
0 63 0 706.269226 226.973694 0.842764 645.632935 379.595184 0.784659 540.067627 352.221558 0.620574 383.427765 522.443176 0.710466 491.020569 588.911133 0.761593 741.537231 406.944855 0.728053 733.723816 596.707458 0.672772 860.860596 626.114197 0.308007 540.010681 692.604736 0.162540 0.000000 0.000000 0.000000 0.000000 0.000000 0.000000 684.760681 682.838745 0.225499 0.000000 0.000000 0.000000 0.000000 0.000000 0.000000 678.838074 211.253036 0.876734 714.101074 215.227936 0.747987 618.283875 242.656509 0.915137 0.000000 0.000000 0.000000 
1 63 0 647.638977 228.947098 0.832407 587.050293 381.571228 0.797216 483.271240 354.187653 0.608392 320.946838 522.432373 0.700102 401.080536 585.032410 0.785125 694.524475 410.880310 0.758569 678.973022 592.812622 0.719186 809.983398 645.627686 0.283748 469.563477 694.559570 0.166656 0.000000 0.000000 0.000000 0.000000 0.000000 0.000000 618.269043 696.496887 0.220123 0.000000 0.000000 0.000000 0.000000 0.000000 0.000000 620.196411 211.329666 0.883593 663.317566 222.986191 0.852952 569.323303 244.627304 0.884807 673.011353 244.605377 0.131827 
0 64 0 819.836304 228.897690 0.773554 694.531250 381.462860 0.795237 585.020813 342.413818 0.580639 410.841980 512.636719 0.654178 538.006775 667.205627 0.237958 798.283752 414.805908 0.705945 772.794983 588.882446 0.643661 815.848450 676.931580 0.112474 545.879211 653.514709 0.103195 0.000000 0.000000 0.000000 0.000000 0.000000 0.000000 696.523315 692.615295 0.230243 0.000000 0.000000 0.000000 0.000000 0.000000 0.000000 788.528564 205.468887 0.816650 821.684753 213.269516 0.584452 700.462585 226.873367 0.841751 0.000000 0.000000 0.000000 
1 64 0 745.473267 230.868240 0.767073 633.874390 381.551819 0.797763 522.384094 346.330261 0.600002 342.424469 518.481689 0.638185 446.060852 663.210022 0.297841 743.418701 414.801636 0.726702 721.934998 587.022278 0.618010 729.812256 680.859131 0.116663 485.210022 676.956360 0.177747 0.000000 0.000000 0.000000 0.000000 0.000000 0.000000 633.941711 686.743164 0.257320 0.000000 0.000000 0.000000 0.000000 0.000000 0.000000 721.961487 207.425079 0.841042 757.133423 215.186981 0.782619 635.864075 226.886993 0.862238 0.000000 0.000000 0.000000 
0 65 0 894.128906 209.281219 0.823436 737.589294 361.915100 0.723280 620.216980 330.671967 0.518796 424.527557 530.191345 0.616624 563.483765 669.109802 0.265540 851.028381 389.337708 0.670131 819.828003 573.272217 0.595908 866.716919 673.052185 0.098660 567.362732 714.132446 0.097172 0.000000 0.000000 0.000000 0.000000 0.000000 0.000000 757.191223 680.884644 0.207526 0.000000 0.000000 0.000000 0.000000 0.000000 0.000000 862.833923 177.963013 0.831992 890.230713 180.053085 0.448926 759.056091 195.621552 0.858136 0.000000 0.000000 0.000000 
1 65 0 810.024414 211.314163 0.830457 665.175659 365.782898 0.758997 541.958496 332.637054 0.541867 350.157593 536.084595 0.663525 459.793701 665.210632 0.235022 786.551270 391.290497 0.653345 763.073975 573.264954 0.647048 792.378540 675.021667 0.075477 498.907257 698.473755 0.103000 0.000000 0.000000 0.000000 0.000000 0.000000 0.000000 669.107117 678.923584 0.241986 0.000000 0.000000 0.000000 0.000000 0.000000 0.000000 782.622070 178.053055 0.820380 819.721069 191.766754 0.764098 678.900635 195.724701 0.858698 0.000000 0.000000 0.000000 
0 66 0 948.943970 174.094559 0.794774 755.176025 344.378296 0.690089 633.875854 326.722473 0.439286 444.139923 571.264526 0.681999 608.498840 680.880798 0.264037 882.373596 363.932800 0.651055 852.979553 555.655396 0.494361 911.736755 667.194153 0.082374 651.525818 686.756836 0.115014 0.000000 0.000000 0.000000 0.000000 0.000000 0.000000 802.163391 676.952148 0.159608 0.000000 0.000000 0.000000 0.000000 0.000000 0.000000 913.668823 131.099716 0.838678 945.008545 144.787628 0.247073 786.535278 154.540329 0.771982 0.000000 0.000000 0.000000 
1 66 0 849.083862 176.042664 0.787376 665.274658 348.230804 0.671245 534.117676 330.644196 0.439019 367.787872 573.243774 0.406614 477.402679 661.271484 0.087161 806.136597 363.890625 0.615442 792.456360 553.753967 0.690193 825.638184 676.973022 0.214418 543.919800 690.648315 0.091364 0.000000 0.000000 0.000000 0.000000 0.000000 0.000000 694.561035 676.926880 0.189807 0.000000 0.000000 0.000000 0.000000 0.000000 0.000000 808.063293 131.125977 0.861467 851.063782 144.739700 0.734157 682.831848 154.577591 0.764885 0.000000 0.000000 0.000000 
0 67 0 1072.208252 301.311127 0.322005 788.520569 401.092468 0.482777 647.591553 387.411163 0.276000 406.961273 630.013428 0.371764 0.000000 0.000000 0.000000 948.934143 412.833130 0.392363 909.799377 608.471985 0.143817 0.000000 0.000000 0.000000 0.000000 0.000000 0.000000 0.000000 0.000000 0.000000 0.000000 0.000000 0.000000 0.000000 0.000000 0.000000 0.000000 0.000000 0.000000 0.000000 0.000000 0.000000 1050.652100 258.237946 0.356011 0.000000 0.000000 0.000000 890.231079 271.897675 0.677026 0.000000 0.000000 0.000000 
1 67 0 937.172791 273.935333 0.313602 678.939148 405.007294 0.427876 518.492554 404.995850 0.281020 350.212769 602.627625 0.183913 0.000000 0.000000 0.000000 849.123840 403.025665 0.292274 833.491699 530.200073 0.482561 847.158203 653.469055 0.289939 0.000000 0.000000 0.000000 0.000000 0.000000 0.000000 0.000000 0.000000 0.000000 708.275818 700.432556 0.062489 0.000000 0.000000 0.000000 0.000000 0.000000 0.000000 884.385986 244.577286 0.296596 944.969727 226.925873 0.326700 725.884766 268.064117 0.551599 0.000000 0.000000 0.000000 
0 68 0 0 0 0 0 0 0 0 0 0 0 0 0 0 0 0 0 0 0 0 0 0 0 0 0 0 0 0 0 0 0 0 0 0 0 0 0 0 0 0 0 0 0 0 0 0 0 0 0 0 0 0 0 0 0 
1 68 0 0.000000 0.000000 0.000000 653.466187 551.751160 0.163505 457.813141 540.001404 0.191336 262.179352 600.684265 0.386057 387.403320 495.014435 0.225553 784.547913 581.079468 0.081210 0.000000 0.000000 0.000000 0.000000 0.000000 0.000000 0.000000 0.000000 0.000000 0.000000 0.000000 0.000000 0.000000 0.000000 0.000000 0.000000 0.000000 0.000000 0.000000 0.000000 0.000000 0.000000 0.000000 0.000000 0.000000 0.000000 0.000000 0.000000 0.000000 0.000000 741.544128 295.429535 0.070557 0.000000 0.000000 0.000000 
0 69 0 0 0 0 0 0 0 0 0 0 0 0 0 0 0 0 0 0 0 0 0 0 0 0 0 0 0 0 0 0 0 0 0 0 0 0 0 0 0 0 0 0 0 0 0 0 0 0 0 0 0 0 0 0 0 
1 69 0 0 0 0 0 0 0 0 0 0 0 0 0 0 0 0 0 0 0 0 0 0 0 0 0 0 0 0 0 0 0 0 0 0 0 0 0 0 0 0 0 0 0 0 0 0 0 0 0 0 0 0 0 0 0 
0 70 0 0 0 0 0 0 0 0 0 0 0 0 0 0 0 0 0 0 0 0 0 0 0 0 0 0 0 0 0 0 0 0 0 0 0 0 0 0 0 0 0 0 0 0 0 0 0 0 0 0 0 0 0 0 0 
1 70 0 0 0 0 0 0 0 0 0 0 0 0 0 0 0 0 0 0 0 0 0 0 0 0 0 0 0 0 0 0 0 0 0 0 0 0 0 0 0 0 0 0 0 0 0 0 0 0 0 0 0 0 0 0 0 
0 71 0 0 0 0 0 0 0 0 0 0 0 0 0 0 0 0 0 0 0 0 0 0 0 0 0 0 0 0 0 0 0 0 0 0 0 0 0 0 0 0 0 0 0 0 0 0 0 0 0 0 0 0 0 0 0 
1 71 0 0 0 0 0 0 0 0 0 0 0 0 0 0 0 0 0 0 0 0 0 0 0 0 0 0 0 0 0 0 0 0 0 0 0 0 0 0 0 0 0 0 0 0 0 0 0 0 0 0 0 0 0 0 0 
0 72 0 0 0 0 0 0 0 0 0 0 0 0 0 0 0 0 0 0 0 0 0 0 0 0 0 0 0 0 0 0 0 0 0 0 0 0 0 0 0 0 0 0 0 0 0 0 0 0 0 0 0 0 0 0 0 
1 72 0 0 0 0 0 0 0 0 0 0 0 0 0 0 0 0 0 0 0 0 0 0 0 0 0 0 0 0 0 0 0 0 0 0 0 0 0 0 0 0 0 0 0 0 0 0 0 0 0 0 0 0 0 0 0 
0 73 0 0 0 0 0 0 0 0 0 0 0 0 0 0 0 0 0 0 0 0 0 0 0 0 0 0 0 0 0 0 0 0 0 0 0 0 0 0 0 0 0 0 0 0 0 0 0 0 0 0 0 0 0 0 0 
1 73 0 0 0 0 0 0 0 0 0 0 0 0 0 0 0 0 0 0 0 0 0 0 0 0 0 0 0 0 0 0 0 0 0 0 0 0 0 0 0 0 0 0 0 0 0 0 0 0 0 0 0 0 0 0 0 
0 74 0 0 0 0 0 0 0 0 0 0 0 0 0 0 0 0 0 0 0 0 0 0 0 0 0 0 0 0 0 0 0 0 0 0 0 0 0 0 0 0 0 0 0 0 0 0 0 0 0 0 0 0 0 0 0 
1 74 0 0 0 0 0 0 0 0 0 0 0 0 0 0 0 0 0 0 0 0 0 0 0 0 0 0 0 0 0 0 0 0 0 0 0 0 0 0 0 0 0 0 0 0 0 0 0 0 0 0 0 0 0 0 0 
0 75 0 0 0 0 0 0 0 0 0 0 0 0 0 0 0 0 0 0 0 0 0 0 0 0 0 0 0 0 0 0 0 0 0 0 0 0 0 0 0 0 0 0 0 0 0 0 0 0 0 0 0 0 0 0 0 
1 75 0 0 0 0 0 0 0 0 0 0 0 0 0 0 0 0 0 0 0 0 0 0 0 0 0 0 0 0 0 0 0 0 0 0 0 0 0 0 0 0 0 0 0 0 0 0 0 0 0 0 0 0 0 0 0 
0 76 0 0 0 0 0 0 0 0 0 0 0 0 0 0 0 0 0 0 0 0 0 0 0 0 0 0 0 0 0 0 0 0 0 0 0 0 0 0 0 0 0 0 0 0 0 0 0 0 0 0 0 0 0 0 0 
1 76 0 0 0 0 0 0 0 0 0 0 0 0 0 0 0 0 0 0 0 0 0 0 0 0 0 0 0 0 0 0 0 0 0 0 0 0 0 0 0 0 0 0 0 0 0 0 0 0 0 0 0 0 0 0 0 
0 77 0 984.151489 473.499084 0.304733 819.769531 475.464172 0.308812 673.043335 467.612610 0.186378 379.581116 620.262878 0.340198 0.000000 0.000000 0.000000 974.317261 491.082001 0.314910 1070.194458 455.853302 0.275309 1146.533691 369.797821 0.276754 0.000000 0.000000 0.000000 0.000000 0.000000 0.000000 0.000000 0.000000 0.000000 0.000000 0.000000 0.000000 0.000000 0.000000 0.000000 0.000000 0.000000 0.000000 989.955750 449.998383 0.241771 0.000000 0.000000 0.000000 960.605530 403.077942 0.561713 0.000000 0.000000 0.000000 
1 77 0 794.363586 451.966156 0.080207 665.251221 477.409698 0.278616 495.017853 477.398315 0.270141 283.680878 608.469116 0.241880 0.000000 0.000000 0.000000 802.189941 493.043335 0.090945 0.000000 0.000000 0.000000 0.000000 0.000000 0.000000 0.000000 0.000000 0.000000 0.000000 0.000000 0.000000 0.000000 0.000000 0.000000 0.000000 0.000000 0.000000 0.000000 0.000000 0.000000 0.000000 0.000000 0.000000 802.139343 424.543518 0.085373 0.000000 0.000000 0.000000 739.530701 397.119720 0.376270 0.000000 0.000000 0.000000 
0 78 0 1033.009155 119.334862 0.707560 792.365479 316.910156 0.628158 657.382080 303.246216 0.391653 416.745697 594.749939 0.584178 659.333374 628.057068 0.229000 939.153809 322.820740 0.566477 929.406128 495.016998 0.618863 958.669678 637.857544 0.416337 696.509888 680.848999 0.094695 0.000000 0.000000 0.000000 0.000000 0.000000 0.000000 827.604797 661.313354 0.157947 0.000000 0.000000 0.000000 0.000000 0.000000 0.000000 984.128357 68.450089 0.636859 1023.238525 72.358749 0.166005 819.702515 111.547653 0.717536 0.000000 0.000000 0.000000 
1 78 0 898.034424 117.427742 0.748103 682.825806 320.834198 0.583944 524.310913 309.138641 0.400765 320.885986 586.982056 0.553135 506.738190 629.988770 0.220954 853.010437 324.815216 0.558919 860.854614 500.871246 0.602422 878.462708 649.537170 0.364515 583.033142 692.606079 0.087781 0.000000 0.000000 0.000000 0.000000 0.000000 0.000000 723.925171 673.034973 0.151022 0.000000 0.000000 0.000000 0.000000 0.000000 0.000000 839.395264 56.771324 0.649092 898.014099 76.288620 0.569746 674.980896 113.407753 0.724846 0.000000 0.000000 0.000000 
0 79 0 905.871277 56.752224 0.661612 757.198547 287.549042 0.677480 626.086243 258.321259 0.463455 410.891266 588.916077 0.560212 710.191040 401.123749 0.302198 890.218567 305.167999 0.612885 943.047180 512.609924 0.333874 1044.762207 524.314392 0.510830 0.000000 0.000000 0.000000 0.000000 0.000000 0.000000 0.000000 0.000000 0.000000 772.835754 696.524292 0.058709 0.000000 0.000000 0.000000 0.000000 0.000000 0.000000 849.095642 23.554688 0.776175 898.065369 35.223457 0.285416 733.696411 82.103470 0.786857 0.000000 0.000000 0.000000 
1 79 0 790.412964 52.863987 0.639061 665.289368 287.612610 0.667492 520.454590 260.240265 0.459257 285.626923 575.224670 0.499950 508.676666 426.529053 0.336631 810.000793 305.257599 0.598117 878.495300 520.412781 0.470964 958.681824 545.893372 0.193076 0.000000 0.000000 0.000000 0.000000 0.000000 0.000000 0.000000 0.000000 0.000000 708.277527 690.643799 0.087947 0.000000 0.000000 0.000000 0.000000 0.000000 0.000000 741.460083 23.535084 0.824273 796.283875 37.112408 0.449834 632.018494 84.033630 0.847068 0.000000 0.000000 0.000000 
0 80 0 847.180542 84.092712 0.733856 747.382202 289.545135 0.686624 622.192993 258.294861 0.508130 571.339722 506.726776 0.416053 0.000000 0.000000 0.000000 868.644165 313.036377 0.568312 972.388855 420.642395 0.079665 0.000000 0.000000 0.000000 624.125549 676.941711 0.052979 0.000000 0.000000 0.000000 0.000000 0.000000 0.000000 811.935425 649.564758 0.064011 0.000000 0.000000 0.000000 0.000000 0.000000 0.000000 802.210327 54.883625 0.814029 851.011169 68.463425 0.614356 704.353149 111.474388 0.771899 0.000000 0.000000 0.000000 
1 80 0 745.446472 84.176376 0.803822 649.536621 281.706360 0.542759 522.430664 258.276062 0.547318 383.498016 514.561157 0.361509 0.000000 0.000000 0.000000 778.685181 293.458923 0.194278 954.791687 502.812225 0.341624 0.000000 0.000000 0.000000 0.000000 0.000000 0.000000 0.000000 0.000000 0.000000 0.000000 0.000000 0.000000 0.000000 0.000000 0.000000 0.000000 0.000000 0.000000 0.000000 0.000000 0.000000 708.272400 54.847565 0.849650 759.074280 66.557205 0.693472 616.353271 113.424866 0.821138 0.000000 0.000000 0.000000 
0 81 0 933.272034 74.351631 0.693416 823.755554 291.506592 0.651793 698.475281 258.231079 0.489156 725.881775 520.432678 0.261041 876.517456 586.949463 0.053286 946.942688 318.933746 0.586443 1040.937744 436.283966 0.486291 1148.480835 493.015717 0.193329 0.000000 0.000000 0.000000 0.000000 0.000000 0.000000 0.000000 0.000000 0.000000 0.000000 0.000000 0.000000 0.000000 0.000000 0.000000 0.000000 0.000000 0.000000 884.431580 48.930759 0.790074 937.163269 56.710556 0.550445 784.553833 103.665359 0.809521 0.000000 0.000000 0.000000 
1 81 0 829.541931 74.325455 0.703746 729.781311 295.452667 0.651492 587.003235 260.220367 0.500769 541.970154 479.365173 0.472063 729.784485 540.042053 0.123327 868.687622 320.910675 0.533951 976.248779 442.188202 0.424412 1068.238159 495.033936 0.097663 618.265747 602.610718 0.055163 0.000000 0.000000 0.000000 0.000000 0.000000 0.000000 811.942993 598.698242 0.092830 0.000000 0.000000 0.000000 0.000000 0.000000 0.000000 788.424011 43.072868 0.816558 839.416870 52.857075 0.735581 690.635437 103.666389 0.798775 0.000000 0.000000 0.000000 
0 82 0 976.256592 68.474327 0.626587 855.020386 291.537140 0.650215 725.838196 256.345764 0.493850 743.510193 520.440125 0.230552 886.306885 590.889832 0.055481 980.218323 320.827637 0.586005 1068.234863 448.063965 0.425670 1150.454834 510.670502 0.071684 0.000000 0.000000 0.000000 0.000000 0.000000 0.000000 0.000000 0.000000 0.000000 933.270386 598.690491 0.091167 0.000000 0.000000 0.000000 0.000000 0.000000 0.000000 925.411865 39.115402 0.793238 976.341003 52.873466 0.396842 819.850220 99.809975 0.860372 0.000000 0.000000 0.000000 
1 82 0 866.809021 60.676151 0.681257 761.132324 293.482391 0.661725 616.308655 260.247864 0.483658 555.610840 508.684204 0.310735 714.135803 547.822754 0.086094 899.969666 318.909393 0.566792 991.992126 450.022614 0.426868 1076.076660 530.202515 0.096611 675.002869 586.952271 0.075846 0.000000 0.000000 0.000000 0.000000 0.000000 0.000000 845.212585 594.786133 0.102523 0.000000 0.000000 0.000000 0.000000 0.000000 0.000000 821.727844 35.191620 0.859794 882.346497 39.177212 0.620198 725.913208 99.724716 0.841100 0.000000 0.000000 0.000000 
0 83 0 970.415588 68.535500 0.701822 858.917725 297.399323 0.623570 725.895569 266.085693 0.484475 739.569336 547.814758 0.295398 890.215698 588.900391 0.057801 991.916199 320.914703 0.602631 1072.237671 450.036011 0.388607 1164.130737 524.331665 0.054878 0.000000 0.000000 0.000000 0.000000 0.000000 0.000000 0.000000 0.000000 0.000000 950.852539 606.518188 0.080935 0.000000 0.000000 0.000000 0.000000 0.000000 0.000000 923.484558 44.994064 0.742375 976.207092 52.818550 0.518129 819.804626 103.692764 0.847614 0.000000 0.000000 0.000000 
1 83 0 868.626099 66.527206 0.715655 770.868103 301.257233 0.650205 618.265381 271.917297 0.474252 555.685547 510.675995 0.294472 733.687378 543.946289 0.093078 911.680176 318.953522 0.585714 995.927307 450.002472 0.410171 1074.121826 518.462646 0.082848 700.446167 602.613770 0.057369 0.000000 0.000000 0.000000 0.000000 0.000000 0.000000 866.716003 596.741455 0.105055 0.000000 0.000000 0.000000 0.000000 0.000000 0.000000 821.709106 39.061569 0.885924 880.451111 43.028431 0.612841 727.752136 101.838829 0.837996 0.000000 0.000000 0.000000 
0 84 0 972.360779 82.193817 0.715498 858.904175 301.258636 0.629771 727.796875 268.027161 0.489657 741.559570 553.684387 0.293661 892.187256 590.871582 0.061997 988.044373 322.854248 0.584588 1076.093262 451.951050 0.353503 0.000000 0.000000 0.000000 0.000000 0.000000 0.000000 0.000000 0.000000 0.000000 0.000000 0.000000 0.000000 941.088684 602.604004 0.062931 0.000000 0.000000 0.000000 0.000000 0.000000 0.000000 927.399719 50.871811 0.777227 976.357727 56.752602 0.582555 821.772705 107.582298 0.809169 0.000000 0.000000 0.000000 
1 84 0 868.707397 72.395187 0.705788 770.874207 303.212921 0.673693 620.202515 271.966888 0.471454 537.998779 553.709595 0.291567 0.000000 0.000000 0.000000 907.816467 320.849335 0.580034 995.858887 451.952637 0.427371 1074.104004 520.437744 0.109085 696.528381 598.691833 0.057026 0.000000 0.000000 0.000000 0.000000 0.000000 0.000000 866.732300 594.779297 0.109882 0.000000 0.000000 0.000000 0.000000 0.000000 0.000000 823.740479 46.955242 0.791273 882.431519 54.815369 0.660378 727.832458 105.701553 0.801933 0.000000 0.000000 0.000000 
0 85 0 982.146545 91.960480 0.745346 853.112061 303.256775 0.657892 725.882263 270.009125 0.491461 745.416016 547.818420 0.282139 898.049622 588.893921 0.058602 978.297546 330.628540 0.584921 1070.262451 453.929718 0.454402 1158.244751 522.386414 0.075212 0.000000 0.000000 0.000000 0.000000 0.000000 0.000000 0.000000 0.000000 0.000000 939.142212 610.441528 0.051425 0.000000 0.000000 0.000000 0.000000 0.000000 0.000000 937.167114 62.597755 0.753588 982.203369 72.359108 0.582668 823.741821 109.540909 0.789741 0.000000 0.000000 0.000000 
1 85 0 878.452087 90.013405 0.676725 766.982178 305.188965 0.684257 618.293030 273.883270 0.483377 559.585632 502.830811 0.349421 727.825684 545.892700 0.070247 900.034851 324.811707 0.561394 993.868347 455.878479 0.448924 1068.267700 516.525879 0.090318 680.876648 598.689697 0.070367 0.000000 0.000000 0.000000 0.000000 0.000000 0.000000 864.785767 598.695679 0.107241 0.000000 0.000000 0.000000 0.000000 0.000000 0.000000 835.453979 54.791801 0.862957 886.373779 70.482040 0.644622 729.782166 107.611664 0.789900 0.000000 0.000000 0.000000 
0 86 0 984.104431 101.703003 0.783141 853.125366 305.157593 0.675865 725.890564 271.918365 0.499613 733.720703 532.175293 0.244198 880.435852 588.903503 0.050152 978.298584 334.510742 0.604392 1072.170776 457.838989 0.295275 0.000000 0.000000 0.000000 0.000000 0.000000 0.000000 0.000000 0.000000 0.000000 0.000000 0.000000 0.000000 923.476318 600.654297 0.080308 0.000000 0.000000 0.000000 0.000000 0.000000 0.000000 941.061401 68.563339 0.808457 986.057434 78.259911 0.625402 829.565186 113.469574 0.804655 0.000000 0.000000 0.000000 
1 86 0 882.358093 99.724739 0.778404 768.880859 305.226196 0.684655 618.309875 273.907776 0.497621 557.592468 495.019592 0.351206 719.985535 555.630371 0.096780 899.986877 330.662476 0.573760 991.940308 457.806580 0.499538 1068.219604 520.420349 0.154665 682.831726 600.637817 0.085328 0.000000 0.000000 0.000000 0.000000 0.000000 0.000000 853.057007 600.633972 0.123651 0.000000 0.000000 0.000000 0.000000 0.000000 0.000000 839.361694 66.458893 0.812429 890.239746 76.286705 0.693139 731.789246 113.413101 0.784975 0.000000 0.000000 0.000000 
0 87 0 991.977783 103.673431 0.745618 856.939453 305.199341 0.662129 729.760132 271.927856 0.502001 741.540405 534.124207 0.273347 896.090881 588.898926 0.055721 978.325500 334.542450 0.612995 1072.163208 457.845306 0.367425 0.000000 0.000000 0.000000 0.000000 0.000000 0.000000 0.000000 0.000000 0.000000 0.000000 0.000000 0.000000 0.000000 0.000000 0.000000 0.000000 0.000000 0.000000 0.000000 0.000000 0.000000 944.982910 70.388252 0.842344 990.017395 84.168816 0.430414 835.375916 113.416786 0.811116 0.000000 0.000000 0.000000 
1 87 0 886.324890 99.792999 0.802200 768.915894 307.142273 0.681853 622.170227 273.932709 0.485434 559.587402 493.073761 0.443294 735.645691 553.668701 0.087596 901.941650 332.626556 0.572181 991.991089 455.841583 0.453564 1074.135742 522.364197 0.136296 688.694702 598.702759 0.079466 0.000000 0.000000 0.000000 0.000000 0.000000 0.000000 858.905273 602.615601 0.112418 0.000000 0.000000 0.000000 0.000000 0.000000 0.000000 849.086914 68.395157 0.821441 897.971558 76.283806 0.730119 739.565552 113.402649 0.806193 0.000000 0.000000 0.000000 
0 88 0 1011.536438 131.143539 0.774652 855.058838 305.236115 0.659037 729.796936 271.947418 0.494383 741.482605 540.000549 0.305258 890.231079 600.631287 0.098425 978.252014 334.542572 0.614632 1070.220093 457.797394 0.439717 1152.391235 520.448608 0.065536 0.000000 0.000000 0.000000 0.000000 0.000000 0.000000 0.000000 0.000000 0.000000 0.000000 0.000000 0.000000 0.000000 0.000000 0.000000 0.000000 0.000000 0.000000 978.257935 84.146729 0.857055 0.000000 0.000000 0.000000 866.696411 101.678322 0.818885 0.000000 0.000000 0.000000 
1 88 0 925.439392 123.255974 0.741506 768.915894 307.204834 0.668359 624.128052 273.959259 0.468128 559.579102 504.794312 0.323402 725.883240 551.739929 0.066119 900.005615 332.634674 0.585941 988.058594 453.895935 0.520377 1068.287109 514.547424 0.186729 684.795837 600.640442 0.078969 0.000000 0.000000 0.000000 0.000000 0.000000 0.000000 854.993347 596.741760 0.118712 0.000000 0.000000 0.000000 0.000000 0.000000 0.000000 886.308716 84.126175 0.841458 917.642090 93.916954 0.404814 768.915955 101.721069 0.801009 0.000000 0.000000 0.000000 
0 89 0 1013.507507 133.111160 0.775823 862.801086 305.235443 0.670548 733.681091 271.950958 0.491352 745.436462 545.875671 0.312651 901.965027 600.625061 0.071605 980.189880 334.590759 0.613140 1070.215210 455.858185 0.458279 1158.244385 522.400635 0.067052 0.000000 0.000000 0.000000 0.000000 0.000000 0.000000 0.000000 0.000000 0.000000 943.022766 604.583862 0.052321 0.000000 0.000000 0.000000 0.000000 0.000000 0.000000 984.145935 88.066597 0.780619 1007.664124 103.724213 0.163853 872.617981 101.786194 0.787795 0.000000 0.000000 0.000000 
1 89 0 931.321045 131.101929 0.758077 772.776123 307.204163 0.696442 629.973206 273.941132 0.484449 567.377808 496.964172 0.312275 733.697815 543.917358 0.069500 901.988464 334.509216 0.584400 991.952637 455.844513 0.450876 1070.223389 512.601074 0.147532 686.740112 598.694153 0.073119 0.000000 0.000000 0.000000 0.000000 0.000000 0.000000 856.955200 592.816345 0.117516 0.000000 0.000000 0.000000 0.000000 0.000000 0.000000 890.233704 84.045876 0.815194 923.452881 99.754921 0.277649 776.715759 101.698662 0.805651 0.000000 0.000000 0.000000 
